2 0.077419 0.151613 0.129032 0.290323
1 0.117742 0.725806 0.232258 0.548387
3 0.264516 0.766129 0.306452 0.467742
3 0.510484 0.759677 0.253226 0.480645
3 0.658871 0.798387 0.117742 0.403226
3 0.761290 0.791935 0.158065 0.416129
4 0.752419 0.375806 0.133871 0.183871
4 0.651613 0.383871 0.125806 0.200000
4 0.487097 0.270968 0.196774 0.270968
4 0.258871 0.219355 0.185484 0.316129
0 0.113710 0.509677 0.224194 0.980645
0 0.262097 0.532258 0.311290 0.935484
0 0.500806 0.561290 0.250000 0.877419
0 0.654032 0.638710 0.150000 0.722581
0 0.764516 0.646774 0.158065 0.706452
