0 0.284286 0.648562 0.420000 0.702875
0 0.740000 0.645367 0.485714 0.709265
0 0.215714 0.280085 0.305714 0.417465
0 0.538571 0.275825 0.345714 0.523962
0 0.810714 0.194356 0.238571 0.324814
2 0.261429 0.133120 0.165714 0.123536
2 0.542143 0.075612 0.184286 0.138445
2 0.787857 0.096912 0.170000 0.123536
2 0.730714 0.358360 0.267143 0.156550
2 0.305000 0.389244 0.278571 0.220447
1 0.280000 0.792865 0.400000 0.414271
1 0.737857 0.760383 0.461429 0.479233
1 0.195714 0.351438 0.254286 0.202343
1 0.526429 0.382854 0.350000 0.314164
1 0.837857 0.375399 0.252857 0.275825
