0 0.117692 0.512748 0.232308 0.974504
0 0.284615 0.543909 0.332308 0.912181
0 0.549231 0.563739 0.261538 0.872521
0 0.710000 0.640227 0.146154 0.719547
0 0.840769 0.664306 0.152308 0.671388
2 0.074615 0.148725 0.136923 0.280453
4 0.279231 0.209632 0.173846 0.288952
4 0.526154 0.256374 0.212308 0.252125
4 0.695385 0.379603 0.129231 0.192635
4 0.812308 0.400850 0.116923 0.161473
3 0.276923 0.760623 0.341538 0.478754
3 0.544615 0.757790 0.273846 0.484419
3 0.718462 0.797450 0.135385 0.405099
3 0.836154 0.796034 0.164615 0.407932
1 0.121538 0.718130 0.240000 0.563739
