0 0.751825 0.571605 0.164234 0.743210
0 0.578467 0.596296 0.145985 0.762963
0 0.415146 0.582716 0.144161 0.834568
0 0.289234 0.546914 0.133212 0.639506
0 0.205292 0.486420 0.093066 0.508642
8 0.757299 0.259259 0.131387 0.093827
8 0.578467 0.256790 0.135036 0.103704
8 0.416058 0.227160 0.127737 0.123457
8 0.279197 0.270370 0.098540 0.071605
8 0.206204 0.271605 0.072993 0.059259
7 0.750000 0.641975 0.153285 0.597531
7 0.577555 0.667901 0.144161 0.604938
7 0.416971 0.674074 0.162409 0.651852
7 0.285584 0.611111 0.136861 0.511111
7 0.208029 0.543210 0.098540 0.400000
