0 0.799286 0.361323 0.138571 0.519084
0 0.772857 0.798982 0.168571 0.402036
0 0.410000 0.862595 0.114286 0.274809
0 0.080714 0.796438 0.158571 0.407125
0 0.129286 0.505089 0.164286 0.944020
0 0.275000 0.550891 0.135714 0.898219
0 0.378571 0.449109 0.117143 0.628499
0 0.488571 0.569975 0.125714 0.860051
0 0.620714 0.587786 0.147143 0.824427
7 0.130000 0.590331 0.157143 0.783715
7 0.281429 0.631043 0.131429 0.737913
7 0.389286 0.526718 0.112857 0.432570
7 0.502143 0.647583 0.132857 0.704835
7 0.630714 0.669211 0.138571 0.661578
8 0.640714 0.216285 0.141429 0.132316
8 0.513571 0.185751 0.150000 0.106870
8 0.392143 0.202290 0.118571 0.089059
8 0.292857 0.132316 0.142857 0.122137
8 0.142143 0.087786 0.161429 0.099237
