0 0.877143 0.576710 0.197143 0.846580
0 0.725714 0.596118 0.162857 0.737523
0 0.595000 0.568392 0.152857 0.748614
0 0.470000 0.605360 0.105714 0.678373
0 0.364286 0.590573 0.114286 0.626617
0 0.268571 0.575786 0.102857 0.611830
0 0.173571 0.592421 0.121429 0.600739
0 0.063571 0.582255 0.124286 0.606285
11 0.880000 0.634011 0.217143 0.632163
11 0.727857 0.652495 0.155714 0.587800
11 0.597143 0.634935 0.165714 0.585952
11 0.466429 0.647874 0.132857 0.530499
11 0.356429 0.638632 0.127143 0.515712
11 0.265000 0.631238 0.104286 0.497227
11 0.159286 0.636784 0.121429 0.460259
11 0.059286 0.626617 0.115714 0.473198
12 0.058571 0.298521 0.085714 0.064695
12 0.165714 0.307763 0.082857 0.079482
12 0.263571 0.301294 0.070000 0.088725
12 0.336429 0.302218 0.084286 0.068392
12 0.455000 0.292052 0.092857 0.081331
12 0.587143 0.243993 0.088571 0.085028
12 0.720000 0.260628 0.097143 0.096118
12 0.855000 0.195933 0.104286 0.103512
