0 0.088660 0.515385 0.160825 0.900000
0 0.230928 0.528846 0.148454 0.857692
0 0.427835 0.534615 0.129897 0.923077
0 0.535052 0.528846 0.113402 0.911538
0 0.752577 0.505769 0.169072 0.988462
0 0.911340 0.528846 0.156701 0.942308
9 0.083505 0.619231 0.146392 0.676923
9 0.428866 0.609615 0.119588 0.773077
9 0.754639 0.621154 0.160825 0.757692
10 0.121649 0.128846 0.115464 0.157692
10 0.435052 0.111538 0.078351 0.107692
10 0.769072 0.088462 0.090722 0.153846
11 0.234021 0.671154 0.138144 0.573077
11 0.530928 0.644231 0.109278 0.680769
11 0.906186 0.678846 0.154639 0.642308
12 0.229897 0.173077 0.154639 0.169231
12 0.527835 0.150000 0.094845 0.169231
12 0.902062 0.144231 0.134021 0.234615
