0 0.123333 0.732000 0.113333 0.536000
0 0.252000 0.669000 0.109333 0.626000
0 0.363333 0.609000 0.118667 0.534000
0 0.458000 0.624000 0.108000 0.520000
0 0.550000 0.622000 0.105333 0.516000
0 0.641333 0.631000 0.093333 0.502000
0 0.738667 0.684000 0.109333 0.548000
0 0.843333 0.727000 0.150667 0.546000
13 0.125333 0.787000 0.109333 0.426000
13 0.248000 0.717000 0.112000 0.530000
13 0.458667 0.654000 0.093333 0.404000
13 0.740667 0.727000 0.110667 0.462000
13 0.843333 0.776000 0.142667 0.448000
15 0.360667 0.649000 0.094667 0.390000
15 0.558000 0.664000 0.113333 0.388000
15 0.644667 0.670000 0.086667 0.404000
14 0.105333 0.504000 0.058667 0.068000
14 0.256667 0.390000 0.068000 0.064000
14 0.463333 0.384000 0.049333 0.048000
14 0.730667 0.432000 0.066667 0.052000
14 0.825333 0.466000 0.058667 0.072000
16 0.364000 0.385000 0.066667 0.106000
16 0.544000 0.394000 0.066667 0.088000
16 0.631333 0.394000 0.057333 0.088000
