0 0.885000 0.646084 0.230000 0.635542
0 0.463750 0.701807 0.247500 0.596386
0 0.117500 0.625000 0.230000 0.587349
0 0.351250 0.492470 0.127500 0.418675
0 0.655000 0.537651 0.160000 0.382530
0 0.521250 0.322289 0.122500 0.481928
0 0.663750 0.183735 0.142500 0.198795
19 0.125000 0.694277 0.235000 0.364458
19 0.452500 0.784639 0.270000 0.430723
19 0.873750 0.740964 0.252500 0.481928
19 0.346250 0.566265 0.147500 0.295181
19 0.643750 0.567771 0.177500 0.292169
19 0.518750 0.375000 0.102500 0.358434
19 0.655000 0.233434 0.135000 0.099398
20 0.141250 0.387048 0.172500 0.135542
20 0.375000 0.329819 0.115000 0.117470
20 0.466250 0.441265 0.167500 0.183735
20 0.886250 0.388554 0.142500 0.114458
20 0.656250 0.355422 0.092500 0.102410
20 0.661250 0.112952 0.102500 0.087349
20 0.505000 0.114458 0.100000 0.096386
