20 0.507812 0.303218 0.090625 0.091584
19 0.515625 0.502475 0.078125 0.252475
17 0.424219 0.522277 0.104688 0.341584
18 0.427344 0.252475 0.064062 0.084158
0 0.100781 0.592822 0.117188 0.715347
0 0.185938 0.603960 0.081250 0.658416
0 0.265625 0.600248 0.075000 0.621287
0 0.325781 0.601485 0.060937 0.579208
0 0.429688 0.457921 0.093750 0.475248
0 0.515625 0.450495 0.090625 0.366337
0 0.600781 0.396040 0.114062 0.287129
0 0.701562 0.596535 0.090625 0.613861
0 0.787500 0.594059 0.115625 0.638614
0 0.896875 0.599010 0.137500 0.698020
0 0.875000 0.741337 0.090625 0.438119
0 0.611719 0.815594 0.073438 0.284653
0 0.622656 0.746287 0.114062 0.403465
0 0.510156 0.775990 0.098437 0.324257
0 0.410938 0.819307 0.103125 0.257426
0 0.389844 0.745050 0.123438 0.346535
