20 0.200000 0.222222 0.190000 0.231111
20 0.372500 0.237778 0.175000 0.200000
20 0.520000 0.231111 0.150000 0.195556
20 0.688750 0.220000 0.182500 0.208889
20 0.892500 0.135556 0.215000 0.200000
19 0.191250 0.708889 0.217500 0.582222
19 0.366250 0.708889 0.172500 0.582222
19 0.530000 0.717778 0.190000 0.564444
19 0.702500 0.713333 0.185000 0.573333
19 0.885000 0.671111 0.170000 0.657778
0 0.186250 0.557778 0.202500 0.884444
0 0.365000 0.608889 0.160000 0.782222
0 0.526250 0.602222 0.187500 0.795556
0 0.707500 0.588889 0.180000 0.822222
0 0.892500 0.548889 0.185000 0.902222
