0 0.062963 0.561574 0.116667 0.408333
0 0.141667 0.582407 0.100000 0.377778
0 0.211574 0.576389 0.097222 0.378704
0 0.275926 0.572685 0.092593 0.363889
0 0.331944 0.574537 0.080556 0.365741
0 0.391667 0.572685 0.109259 0.334259
0 0.474074 0.542593 0.118519 0.405556
0 0.574074 0.551852 0.105556 0.387037
0 0.645370 0.585185 0.090741 0.353704
0 0.714352 0.574537 0.099074 0.399074
0 0.779167 0.571759 0.097222 0.375000
0 0.839815 0.561574 0.109259 0.358333
0 0.932870 0.565278 0.134259 0.441667
17 0.476852 0.583796 0.133333 0.336111
18 0.470833 0.359259 0.073148 0.046296
19 0.575463 0.592593 0.112037 0.303704
20 0.562037 0.386574 0.090741 0.067593
