18 0.077500 0.160000 0.085000 0.204444
18 0.207500 0.133333 0.090000 0.177778
18 0.302500 0.157778 0.060000 0.155556
18 0.412500 0.122222 0.065000 0.120000
18 0.538750 0.091111 0.057500 0.128889
18 0.625000 0.162222 0.060000 0.146667
18 0.718750 0.095556 0.102500 0.182222
18 0.913750 0.071111 0.107500 0.124444
17 0.080000 0.664444 0.155000 0.671111
17 0.208750 0.642222 0.147500 0.715556
17 0.322500 0.651111 0.145000 0.697778
17 0.431250 0.617778 0.137500 0.720000
17 0.545000 0.588889 0.140000 0.715556
17 0.642500 0.651111 0.135000 0.697778
17 0.765000 0.620000 0.170000 0.760000
17 0.913750 0.606667 0.172500 0.786667
0 0.070000 0.537778 0.135000 0.924444
0 0.210000 0.531111 0.160000 0.937778
0 0.323750 0.557778 0.132500 0.884444
0 0.431250 0.520000 0.137500 0.888889
0 0.548750 0.511111 0.132500 0.897778
0 0.648750 0.544444 0.137500 0.911111
0 0.761250 0.524444 0.157500 0.951111
0 0.910000 0.515556 0.180000 0.968889
