0 0.079698 0.694444 0.156040 0.611111
0 0.191275 0.653439 0.127517 0.693122
0 0.309564 0.675926 0.145973 0.648148
0 0.441275 0.669312 0.151007 0.661376
0 0.572987 0.667989 0.132550 0.664021
0 0.692953 0.664021 0.124161 0.671958
0 0.813758 0.670635 0.137584 0.658730
0 0.918624 0.671958 0.102349 0.656085
21 0.076342 0.756614 0.149329 0.486772
21 0.310403 0.744709 0.157718 0.510582
21 0.582215 0.730159 0.137584 0.539683
21 0.807047 0.735450 0.120805 0.529101
23 0.184564 0.738095 0.130872 0.507937
23 0.442114 0.753968 0.145973 0.492063
23 0.688758 0.746032 0.122483 0.507937
23 0.913591 0.757937 0.122483 0.484127
24 0.908557 0.395503 0.105705 0.145503
24 0.682886 0.410053 0.097315 0.158730
24 0.447148 0.390212 0.122483 0.124339
24 0.177852 0.379630 0.107383 0.134921
22 0.057047 0.425926 0.093960 0.063492
22 0.307886 0.392857 0.082215 0.066138
22 0.588087 0.362434 0.078859 0.074074
22 0.820470 0.382275 0.087248 0.071429
