0 0.787143 0.613232 0.174286 0.773537
0 0.634286 0.699746 0.151429 0.600509
0 0.476429 0.717557 0.081429 0.564885
0 0.413571 0.715013 0.072857 0.569975
0 0.321429 0.703562 0.102857 0.592875
0 0.231429 0.721374 0.091429 0.552163
22 0.427857 0.464377 0.070000 0.078880
22 0.625714 0.432570 0.114286 0.132316
21 0.425000 0.765903 0.050000 0.468193
21 0.624286 0.782443 0.160000 0.435115
23 0.793571 0.777354 0.184286 0.445293
23 0.466429 0.807888 0.095714 0.384224
24 0.779286 0.344784 0.150000 0.241730
24 0.467857 0.475827 0.067143 0.162850
