0 0.032857 0.648855 0.062857 0.702290
0 0.097143 0.629771 0.065714 0.679389
0 0.172857 0.708651 0.131429 0.582697
0 0.303571 0.689567 0.121429 0.569975
0 0.397143 0.620865 0.097143 0.346056
0 0.476429 0.606870 0.115714 0.363868
0 0.563571 0.596692 0.084286 0.307888
0 0.631429 0.592875 0.097143 0.315522
0 0.675714 0.582697 0.091429 0.269720
0 0.726429 0.572519 0.078571 0.249364
0 0.758571 0.576336 0.048571 0.190840
0 0.798571 0.585242 0.051429 0.239186
0 0.835000 0.585242 0.052857 0.203562
0 0.903571 0.580153 0.038571 0.198473
0 0.929286 0.548346 0.032857 0.160305
0 0.952143 0.554707 0.044286 0.142494
21 0.170000 0.765903 0.131429 0.468193
21 0.392143 0.665394 0.101429 0.262087
21 0.556429 0.647583 0.092857 0.236641
21 0.675714 0.629771 0.071429 0.175573
21 0.757857 0.605598 0.050000 0.132316
21 0.838571 0.600509 0.048571 0.111959
22 0.175000 0.450382 0.087143 0.117048
22 0.394286 0.468193 0.071429 0.086514
22 0.557143 0.459288 0.054286 0.089059
22 0.672143 0.487277 0.047143 0.068702
22 0.763571 0.491094 0.050000 0.061069
22 0.840000 0.493639 0.040000 0.061069
23 0.302857 0.753181 0.111429 0.402036
23 0.489286 0.683206 0.118571 0.277354
23 0.634286 0.670483 0.085714 0.226463
0 0.727143 0.632316 0.071429 0.175573
24 0.707857 0.468193 0.047143 0.055980
24 0.613571 0.487277 0.061429 0.089059
24 0.475000 0.463104 0.078571 0.076336
24 0.292143 0.447837 0.081429 0.137405
