24 0.402857 0.533079 0.148571 0.206107
24 0.813571 0.456743 0.104286 0.150127
24 0.234286 0.465649 0.091429 0.142494
24 0.511429 0.432570 0.134286 0.142494
23 0.825000 0.793893 0.138571 0.412214
23 0.396429 0.866412 0.170000 0.267176
21 0.122143 0.758270 0.092857 0.473282
22 0.097857 0.426209 0.092857 0.099237
0 0.106429 0.702290 0.135714 0.595420
0 0.190000 0.788804 0.145714 0.422392
0 0.403571 0.760814 0.167143 0.478372
0 0.677857 0.754453 0.210000 0.491094
0 0.828571 0.703562 0.148571 0.592875
0 0.246429 0.695929 0.118571 0.608142
