22 0.511538 0.260753 0.090769 0.107527
22 0.127692 0.286290 0.089231 0.083333
21 0.136923 0.573925 0.138462 0.448925
21 0.511538 0.618280 0.176923 0.575269
23 0.246923 0.594086 0.118462 0.440860
23 0.709231 0.705645 0.169231 0.588710
24 0.716154 0.297043 0.121538 0.147849
24 0.228462 0.286290 0.093846 0.126344
0 0.130000 0.537634 0.121538 0.548387
0 0.243846 0.530914 0.124615 0.599462
0 0.359231 0.599462 0.124615 0.543011
0 0.521538 0.580645 0.163077 0.715054
0 0.702308 0.623656 0.149231 0.752688
0 0.857692 0.590054 0.158462 0.540323
