0 0.154286 0.558376 0.211429 0.883249
0 0.325714 0.579949 0.160000 0.840102
0 0.474286 0.569797 0.162857 0.860406
0 0.625714 0.571066 0.148571 0.857868
0 0.747857 0.612944 0.152857 0.774112
0 0.874286 0.563452 0.202857 0.873096
21 0.149286 0.662437 0.221429 0.675127
21 0.744286 0.711929 0.160000 0.576142
22 0.167857 0.177665 0.124286 0.121827
22 0.739286 0.270305 0.092857 0.098985
23 0.872143 0.718274 0.190000 0.563452
23 0.470000 0.692893 0.157143 0.614213
24 0.462143 0.239848 0.124286 0.220812
24 0.853571 0.229695 0.132857 0.246193
