24 0.299265 0.106654 0.148529 0.154599
24 0.797059 0.267123 0.197059 0.225049
24 0.618382 0.716243 0.048529 0.050881
24 0.761765 0.718200 0.047059 0.058708
24 0.932353 0.758317 0.058824 0.056751
23 0.926471 0.871820 0.073529 0.138943
23 0.780147 0.850294 0.089706 0.162427
23 0.629412 0.841487 0.073529 0.164384
23 0.854412 0.544031 0.182353 0.270059
23 0.328676 0.601761 0.189706 0.698630
22 0.176471 0.110568 0.091176 0.072407
22 0.635294 0.081213 0.108824 0.103718
22 0.560294 0.725049 0.038235 0.037182
22 0.721324 0.709393 0.057353 0.045010
22 0.899265 0.705479 0.039706 0.037182
21 0.882353 0.833659 0.073529 0.195695
21 0.720588 0.853229 0.079412 0.183953
21 0.558824 0.849315 0.076471 0.187867
21 0.633824 0.437378 0.250000 0.463796
21 0.157353 0.585127 0.197059 0.712329
0 0.155147 0.508806 0.192647 0.857143
0 0.319853 0.495108 0.198529 0.896282
0 0.634559 0.352250 0.245588 0.641879
0 0.831618 0.422701 0.245588 0.508806
0 0.558824 0.825832 0.073529 0.234834
0 0.625000 0.816047 0.073529 0.242661
0 0.721324 0.816047 0.077941 0.242661
0 0.785294 0.818004 0.079412 0.238748
0 0.885294 0.808219 0.067647 0.246575
0 0.933824 0.828767 0.067647 0.205479
