0 0.289738 0.685593 0.498994 0.628814
0 0.758551 0.705085 0.446680 0.589831
0 0.715292 0.433051 0.215292 0.655932
0 0.501006 0.488136 0.265594 0.745763
0 0.265594 0.344915 0.173038 0.483051
24 0.147887 0.450847 0.219316 0.155932
24 0.856137 0.451695 0.158954 0.123729
24 0.705231 0.139831 0.199195 0.089831
24 0.494970 0.142373 0.181087 0.094915
24 0.254527 0.142373 0.171026 0.091525
23 0.318913 0.780508 0.472837 0.438983
23 0.761569 0.788136 0.444668 0.423729
23 0.705231 0.410169 0.207243 0.355932
23 0.477867 0.551695 0.255533 0.615254
23 0.202213 0.344068 0.223340 0.169492
