0 0.552857 0.568702 0.134286 0.862595
0 0.672143 0.552163 0.132857 0.860051
0 0.442857 0.521628 0.137143 0.727735
0 0.333571 0.487277 0.127143 0.684478
0 0.249286 0.503817 0.115714 0.559796
0 0.082857 0.502545 0.074286 0.379135
23 0.673571 0.678117 0.112857 0.643766
24 0.649286 0.206107 0.107143 0.218830
21 0.557857 0.645038 0.144286 0.709924
21 0.438571 0.575064 0.125714 0.595420
21 0.329286 0.531807 0.121429 0.539440
21 0.248571 0.547074 0.102857 0.447837
22 0.555714 0.171756 0.080000 0.094148
22 0.425000 0.194656 0.064286 0.068702
22 0.314286 0.178117 0.062857 0.081425
22 0.227857 0.250636 0.052857 0.078880
