22 0.056208 0.255291 0.078859 0.092593
22 0.259228 0.275132 0.065436 0.084656
22 0.421980 0.269841 0.058725 0.068783
22 0.577181 0.287037 0.057047 0.076720
22 0.763423 0.272487 0.057047 0.047619
21 0.077181 0.596561 0.124161 0.521164
21 0.270134 0.626984 0.097315 0.566138
21 0.429530 0.612434 0.100671 0.552910
21 0.583893 0.626984 0.110738 0.550265
21 0.765101 0.652116 0.110738 0.611111
23 0.186242 0.640212 0.107383 0.555556
23 0.348154 0.630952 0.102349 0.500000
23 0.514262 0.661376 0.082215 0.507937
23 0.678691 0.670635 0.088926 0.537037
23 0.867450 0.698413 0.100671 0.555556
24 0.857383 0.343915 0.060403 0.105820
24 0.660235 0.337302 0.065436 0.082011
24 0.496644 0.322751 0.080537 0.142857
24 0.339765 0.310847 0.068792 0.087302
24 0.177852 0.287037 0.090604 0.103175
0 0.078020 0.538360 0.125839 0.637566
0 0.176174 0.579365 0.130872 0.693122
0 0.268456 0.571429 0.090604 0.661376
0 0.352349 0.568783 0.104027 0.624339
0 0.428691 0.560847 0.102349 0.656085
0 0.510067 0.580688 0.087248 0.658730
0 0.586409 0.597884 0.109060 0.661376
0 0.676174 0.617725 0.100671 0.642857
0 0.771812 0.600529 0.124161 0.708995
0 0.866611 0.629630 0.098993 0.661376
