24 0.896429 0.384224 0.090000 0.127226
24 0.705000 0.396947 0.090000 0.127226
24 0.243571 0.417303 0.084286 0.142494
24 0.090714 0.414758 0.090000 0.137405
23 0.904286 0.736641 0.117143 0.526718
23 0.700714 0.743003 0.101429 0.513995
23 0.243571 0.723919 0.107143 0.394402
23 0.092857 0.703562 0.094286 0.430025
21 0.808571 0.741730 0.100000 0.516539
21 0.595714 0.745547 0.108571 0.508906
21 0.172857 0.669211 0.094286 0.432570
21 0.032143 0.730280 0.061429 0.488550
22 0.023571 0.410941 0.044286 0.068702
22 0.174286 0.393130 0.060000 0.068702
22 0.595714 0.412214 0.054286 0.081425
22 0.808571 0.399491 0.065714 0.071247
0 0.907143 0.666667 0.125714 0.666667
0 0.798571 0.681934 0.100000 0.636132
0 0.702857 0.666667 0.105714 0.666667
0 0.595714 0.685751 0.117143 0.628499
0 0.497857 0.680662 0.118571 0.638677
0 0.396429 0.689567 0.098571 0.620865
0 0.323571 0.674300 0.098571 0.559796
0 0.245000 0.651399 0.090000 0.585242
0 0.170000 0.627226 0.088571 0.526718
0 0.097143 0.633588 0.085714 0.554707
0 0.030000 0.666667 0.057143 0.554707
