24 0.340714 0.669211 0.095714 0.152672
24 0.545000 0.660305 0.047143 0.094148
24 0.672143 0.678117 0.038571 0.083969
23 0.672143 0.820611 0.044286 0.150127
23 0.543571 0.865140 0.070000 0.269720
23 0.338571 0.888041 0.100000 0.223919
21 0.235000 0.857506 0.121429 0.284987
21 0.482143 0.868957 0.092857 0.262087
21 0.624286 0.854962 0.060000 0.249364
22 0.247857 0.627226 0.072857 0.099237
22 0.478571 0.669211 0.054286 0.091603
22 0.627857 0.679389 0.044286 0.050891
0 0.235714 0.798982 0.122857 0.402036
0 0.337857 0.793893 0.101429 0.412214
0 0.478571 0.819338 0.082857 0.361323
0 0.545000 0.804071 0.061429 0.391858
0 0.625714 0.820611 0.060000 0.307888
0 0.669286 0.778626 0.038571 0.274809
