28 0.556152 0.335286 0.061523 0.102489
27 0.559082 0.579063 0.067383 0.352855
25 0.495605 0.584919 0.083008 0.346999
26 0.494141 0.337482 0.039062 0.086384
0 0.496582 0.531479 0.081055 0.474378
0 0.562988 0.536603 0.071289 0.452416
0 0.607422 0.545388 0.062500 0.417277
0 0.659180 0.546852 0.060547 0.358712
0 0.687988 0.641288 0.059570 0.251830
0 0.715820 0.560761 0.054688 0.360176
0 0.750000 0.560029 0.050781 0.349927
0 0.785156 0.628843 0.044922 0.235725
0 0.805664 0.545388 0.050781 0.385066
0 0.852051 0.560029 0.067383 0.382138
0 0.911621 0.530747 0.073242 0.455344
0 0.427734 0.531479 0.048828 0.448023
0 0.368652 0.551245 0.055664 0.434846
0 0.318848 0.560029 0.086914 0.443631
0 0.269043 0.546852 0.069336 0.449488
0 0.210449 0.541728 0.077148 0.430454
0 0.141113 0.556369 0.077148 0.404100
0 0.083496 0.543924 0.090820 0.458272
