28 0.259000 0.213687 0.142000 0.304469
28 0.853500 0.152235 0.119000 0.248603
27 0.272000 0.726257 0.148000 0.547486
27 0.862000 0.671788 0.112000 0.656425
25 0.103000 0.670391 0.180000 0.659218
26 0.094500 0.124302 0.075000 0.237430
0 0.108500 0.511173 0.189000 0.977654
0 0.265000 0.530726 0.158000 0.938547
0 0.354500 0.561453 0.085000 0.877095
0 0.444500 0.548883 0.157000 0.902235
0 0.583000 0.645251 0.134000 0.709497
0 0.758000 0.641061 0.144000 0.717877
0 0.853500 0.522346 0.121000 0.955307
