28 0.875887 0.206549 0.209220 0.251889
28 0.676418 0.323678 0.182624 0.214106
28 0.563830 0.178841 0.152482 0.196474
28 0.414894 0.177582 0.159574 0.204030
28 0.286348 0.317380 0.179078 0.186398
28 0.117908 0.176322 0.200355 0.241814
27 0.128546 0.654912 0.157801 0.584383
27 0.291667 0.711587 0.157801 0.486146
27 0.413121 0.502519 0.127660 0.375315
27 0.684397 0.687657 0.148936 0.473552
27 0.866135 0.637280 0.150709 0.534005
27 0.580674 0.474811 0.086879 0.269521
0 0.117021 0.521411 0.187943 0.881612
0 0.286348 0.586902 0.186170 0.725441
0 0.410461 0.377834 0.147163 0.614610
0 0.503546 0.648615 0.187943 0.657431
0 0.562943 0.331234 0.129433 0.385390
0 0.674645 0.603275 0.161348 0.627204
0 0.867021 0.511335 0.202128 0.770781
