30 0.121563 0.207917 0.089375 0.074167
30 0.256875 0.281667 0.073750 0.063333
30 0.452500 0.232500 0.076250 0.068333
30 0.655312 0.194583 0.068125 0.070833
30 0.899375 0.167500 0.077500 0.080000
29 0.101250 0.661250 0.201250 0.677500
29 0.281250 0.680417 0.188750 0.639167
29 0.465938 0.663750 0.216875 0.672500
29 0.670625 0.632500 0.212500 0.680000
29 0.891875 0.646667 0.216250 0.696667
0 0.099375 0.582500 0.197500 0.835000
0 0.286250 0.625000 0.203750 0.750000
0 0.468125 0.595000 0.203750 0.766667
0 0.667500 0.582500 0.238750 0.835000
0 0.895625 0.568750 0.208750 0.862500
