29 0.185000 0.565000 0.303333 0.583333
29 0.381667 0.536667 0.250000 0.680000
29 0.460000 0.756667 0.160000 0.420000
29 0.670000 0.793333 0.260000 0.393333
29 0.638333 0.378333 0.230000 0.263333
29 0.875000 0.560000 0.250000 0.666667
30 0.063333 0.198333 0.086667 0.090000
30 0.491667 0.461667 0.090000 0.063333
30 0.633333 0.501667 0.080000 0.076667
30 0.378333 0.095000 0.110000 0.063333
30 0.611667 0.135000 0.110000 0.070000
30 0.828333 0.108333 0.136667 0.083333
0 0.178333 0.556667 0.336667 0.826667
0 0.375000 0.506667 0.223333 0.860000
0 0.466667 0.721667 0.153333 0.516667
0 0.671667 0.726667 0.270000 0.506667
0 0.645000 0.308333 0.223333 0.410000
0 0.876667 0.516667 0.246667 0.893333
