29 0.222656 0.677165 0.117188 0.440945
29 0.321875 0.644357 0.087500 0.422572
29 0.404687 0.709974 0.093750 0.385827
29 0.480469 0.657480 0.076563 0.448819
29 0.559375 0.667979 0.075000 0.385827
29 0.642188 0.662730 0.093750 0.464567
29 0.721094 0.715223 0.057813 0.359580
29 0.798438 0.674541 0.087500 0.414698
29 0.902344 0.662730 0.120313 0.385827
30 0.242188 0.385827 0.050000 0.036745
30 0.330469 0.376640 0.051562 0.049869
30 0.407813 0.461942 0.040625 0.052493
30 0.488281 0.364829 0.039062 0.057743
30 0.558594 0.422572 0.045312 0.041995
30 0.636719 0.362205 0.039062 0.041995
30 0.721875 0.469816 0.043750 0.057743
30 0.794531 0.413386 0.039062 0.044619
30 0.887500 0.397638 0.046875 0.044619
0 0.113281 0.607612 0.132812 0.632546
0 0.223438 0.641732 0.106250 0.543307
0 0.323437 0.637795 0.100000 0.566929
0 0.407031 0.682415 0.085938 0.467192
0 0.485156 0.627297 0.079687 0.577428
0 0.552344 0.653543 0.085938 0.503937
0 0.638281 0.625984 0.104688 0.580052
0 0.717969 0.685039 0.076563 0.456693
0 0.789062 0.662730 0.090625 0.527559
0 0.898438 0.653543 0.118750 0.556430
