29 0.120313 0.696875 0.168750 0.328125
29 0.194531 0.593750 0.135937 0.309375
29 0.321875 0.682813 0.121875 0.325000
29 0.424219 0.631250 0.110937 0.309375
29 0.539062 0.690625 0.112500 0.371875
29 0.760938 0.707031 0.131250 0.357812
29 0.920312 0.625000 0.156250 0.337500
29 0.466406 0.528125 0.070312 0.281250
30 0.081250 0.473438 0.081250 0.056250
30 0.323437 0.485156 0.081250 0.060937
30 0.203906 0.399219 0.082812 0.039062
30 0.532031 0.463281 0.076563 0.035937
30 0.768750 0.451562 0.078125 0.046875
30 0.907813 0.410156 0.071875 0.057813
30 0.473438 0.342969 0.043750 0.032813
0 0.118750 0.660937 0.168750 0.443750
0 0.212500 0.573438 0.115625 0.415625
0 0.315625 0.666406 0.109375 0.401562
0 0.414844 0.578906 0.114062 0.379688
0 0.535156 0.657031 0.120313 0.423438
0 0.764844 0.655469 0.145313 0.435937
0 0.917188 0.591406 0.165625 0.423438
0 0.678906 0.473438 0.101562 0.209375
0 0.473438 0.489844 0.081250 0.329688
