29 0.095312 0.691268 0.187500 0.609148
29 0.240625 0.696466 0.143750 0.607069
29 0.369531 0.698545 0.154688 0.602911
29 0.636719 0.707900 0.195312 0.584200
29 0.849219 0.680873 0.251563 0.638254
30 0.103125 0.279626 0.106250 0.068607
30 0.253125 0.290021 0.084375 0.056133
30 0.367969 0.295218 0.070312 0.058212
30 0.636719 0.302495 0.076563 0.056133
30 0.807813 0.234927 0.112500 0.066528
0 0.095312 0.622661 0.187500 0.754678
0 0.238281 0.624740 0.139063 0.750520
0 0.366406 0.637214 0.160938 0.725572
0 0.492969 0.675676 0.151562 0.648649
0 0.633594 0.635135 0.201563 0.729730
0 0.843750 0.592516 0.256250 0.814969
31 0.496094 0.738046 0.167187 0.523909
