29 0.573571 0.685751 0.215714 0.628499
29 0.865714 0.590331 0.145714 0.671756
29 0.704286 0.484733 0.100000 0.511450
29 0.370714 0.451654 0.107143 0.491094
29 0.175714 0.385496 0.097143 0.409669
29 0.264286 0.375318 0.057143 0.353690
29 0.082857 0.267176 0.054286 0.218830
30 0.563571 0.208651 0.084286 0.091603
30 0.891429 0.159033 0.074286 0.073791
30 0.695000 0.155216 0.047143 0.030534
30 0.599286 0.137405 0.041429 0.076336
30 0.362857 0.123410 0.031429 0.043257
30 0.075000 0.117048 0.018571 0.030534
0 0.562857 0.587786 0.191429 0.824427
0 0.867857 0.545802 0.170000 0.882952
0 0.706429 0.459288 0.112857 0.648855
0 0.375714 0.407125 0.122857 0.600509
0 0.181429 0.374046 0.071429 0.483461
0 0.081429 0.259542 0.062857 0.279898
