29 0.116429 0.740000 0.190000 0.491429
29 0.261429 0.729286 0.185714 0.472857
29 0.406429 0.717857 0.178571 0.461429
29 0.558571 0.700000 0.211429 0.460000
29 0.714286 0.709286 0.208571 0.467143
29 0.896429 0.717857 0.184286 0.492857
30 0.117143 0.374286 0.117143 0.091429
30 0.270714 0.352857 0.115714 0.097143
30 0.406429 0.357857 0.107143 0.084286
30 0.551429 0.362857 0.111429 0.082857
30 0.715714 0.347143 0.111429 0.080000
30 0.869286 0.349286 0.104286 0.087143
0 0.103571 0.666429 0.192857 0.667143
0 0.241429 0.652143 0.165714 0.678571
0 0.401429 0.655000 0.208571 0.690000
0 0.564286 0.635714 0.208571 0.651429
0 0.705000 0.652143 0.210000 0.655714
0 0.885000 0.652857 0.192857 0.648571
