0 0.090000 0.593333 0.170000 0.813333
0 0.231250 0.579167 0.187500 0.841667
0 0.390000 0.603333 0.175000 0.793333
0 0.553750 0.535000 0.210000 0.930000
0 0.746875 0.536667 0.183750 0.926667
0 0.920625 0.576667 0.158750 0.846667
33 0.087500 0.682500 0.172500 0.635000
33 0.229375 0.659167 0.183750 0.681667
33 0.555000 0.640000 0.202500 0.720000
34 0.094375 0.221667 0.066250 0.080000
34 0.238750 0.199167 0.080000 0.081667
34 0.560000 0.118333 0.082500 0.096667
34 0.723125 0.127500 0.076250 0.091667
35 0.388750 0.697500 0.170000 0.605000
35 0.926875 0.679167 0.146250 0.641667
