0 0.151250 0.613333 0.237500 0.773333
0 0.286250 0.625556 0.137500 0.748889
0 0.418750 0.622222 0.192500 0.755556
0 0.581875 0.641111 0.168750 0.717778
0 0.750000 0.635556 0.207500 0.728889
0 0.899375 0.650000 0.146250 0.700000
33 0.148125 0.716667 0.243750 0.566667
33 0.415000 0.704444 0.205000 0.591111
33 0.575625 0.711111 0.163750 0.577778
33 0.743125 0.723333 0.211250 0.553333
34 0.155000 0.253333 0.090000 0.106667
34 0.265000 0.272222 0.072500 0.082222
34 0.420625 0.270000 0.076250 0.082222
34 0.573125 0.302222 0.081250 0.066667
34 0.711875 0.305556 0.081250 0.091111
