0 0.200625 0.533333 0.146250 0.715556
0 0.308750 0.617778 0.102500 0.577778
0 0.465000 0.571111 0.110000 0.777778
0 0.587500 0.632222 0.100000 0.646667
0 0.688125 0.577778 0.098750 0.684444
0 0.794375 0.618889 0.106250 0.606667
33 0.205625 0.584444 0.146250 0.626667
33 0.462500 0.620000 0.120000 0.648889
33 0.690000 0.626667 0.115000 0.586667
34 0.191875 0.205556 0.058750 0.051111
34 0.458750 0.212222 0.052500 0.064444
34 0.694375 0.256667 0.051250 0.055556
35 0.311875 0.667778 0.101250 0.491111
35 0.591250 0.685556 0.102500 0.526667
35 0.792500 0.670000 0.102500 0.495556
