0 0.191406 0.562212 0.276562 0.875576
0 0.278906 0.427419 0.076563 0.642857
0 0.346094 0.450461 0.123438 0.633641
0 0.401562 0.344470 0.078125 0.559908
0 0.468750 0.321429 0.112500 0.596774
0 0.599219 0.403226 0.167187 0.728111
0 0.696875 0.474654 0.150000 0.732719
0 0.853125 0.539171 0.262500 0.847926
33 0.186719 0.616359 0.245312 0.702765
33 0.847656 0.574885 0.260937 0.753456
33 0.462500 0.362903 0.121875 0.536866
33 0.586719 0.449309 0.185938 0.599078
34 0.215625 0.156682 0.081250 0.064516
34 0.760938 0.142857 0.093750 0.064516
34 0.603125 0.070276 0.065625 0.062212
34 0.465625 0.027650 0.071875 0.050691
34 0.359375 0.169355 0.075000 0.062212
