0 0.105333 0.618000 0.200000 0.764000
0 0.234000 0.547000 0.134667 0.706000
0 0.377333 0.475000 0.160000 0.442000
0 0.471333 0.489000 0.116000 0.410000
0 0.601333 0.454000 0.162667 0.432000
0 0.609333 0.597000 0.125333 0.282000
0 0.875333 0.569000 0.244000 0.862000
0 0.733333 0.776000 0.117333 0.448000
0 0.590667 0.835000 0.170667 0.330000
0 0.474667 0.832000 0.101333 0.336000
0 0.384000 0.826000 0.112000 0.348000
0 0.284667 0.817000 0.126667 0.366000
33 0.234667 0.486000 0.141333 0.328000
33 0.884667 0.654000 0.230667 0.692000
34 0.252667 0.221000 0.070667 0.074000
34 0.820000 0.168000 0.106667 0.096000
35 0.107333 0.692000 0.196000 0.616000
35 0.282000 0.878000 0.140000 0.244000
35 0.378667 0.904000 0.096000 0.192000
35 0.371333 0.531000 0.166667 0.266000
35 0.472667 0.545000 0.102667 0.298000
35 0.604000 0.521000 0.165333 0.290000
35 0.606000 0.654000 0.140000 0.144000
