0 0.118794 0.574468 0.152482 0.851064
0 0.237589 0.611702 0.124113 0.776596
0 0.337766 0.599734 0.108156 0.736702
0 0.428191 0.577128 0.104610 0.686170
0 0.515071 0.579787 0.104610 0.680851
0 0.605496 0.586436 0.101064 0.678191
0 0.703901 0.598404 0.117021 0.686170
0 0.803191 0.593085 0.120567 0.776596
0 0.921099 0.573138 0.157801 0.853723
35 0.121454 0.632979 0.157801 0.718085
35 0.244681 0.636968 0.124113 0.635638
35 0.338652 0.650266 0.113475 0.582447
35 0.418440 0.615691 0.099291 0.561170
35 0.515071 0.603723 0.115248 0.542553
35 0.598404 0.602394 0.104610 0.555851
35 0.694149 0.628989 0.125887 0.529255
35 0.796986 0.625000 0.108156 0.579787
35 0.928191 0.607713 0.143617 0.720745
