0 0.182286 0.611458 0.097143 0.777083
0 0.254857 0.601042 0.080000 0.797917
0 0.326286 0.597917 0.083429 0.766667
0 0.377714 0.588542 0.065143 0.739583
0 0.437143 0.568750 0.076571 0.725000
0 0.493714 0.582292 0.066286 0.689583
0 0.545714 0.584375 0.083429 0.681250
0 0.594857 0.576042 0.060571 0.660417
0 0.642286 0.569792 0.073143 0.635417
0 0.685143 0.577083 0.069714 0.641667
0 0.736000 0.585417 0.066286 0.608333
0 0.783429 0.581250 0.072000 0.595833
0 0.832571 0.576042 0.072000 0.585417
0 0.880000 0.582292 0.075429 0.585417
0 0.945143 0.583333 0.077714 0.558333
0 0.088571 0.400000 0.158857 0.787500
0 0.180571 0.120833 0.100571 0.200000
0 0.241714 0.133333 0.046857 0.145833
0 0.296571 0.138542 0.046857 0.168750
0 0.353143 0.156250 0.038857 0.116667
0 0.415429 0.166667 0.044571 0.095833
0 0.472000 0.180208 0.045714 0.102083
0 0.532000 0.169792 0.044571 0.147917
0 0.581143 0.183333 0.033143 0.120833
0 0.613714 0.202083 0.032000 0.083333
0 0.657143 0.208333 0.032000 0.070833
0 0.709714 0.222917 0.032000 0.070833
0 0.768571 0.221875 0.037714 0.102083
0 0.809143 0.237500 0.029714 0.079167
0 0.856000 0.243750 0.038857 0.104167
33 0.071429 0.461458 0.131429 0.672917
33 0.176571 0.184375 0.090286 0.097917
34 0.078857 0.030208 0.057143 0.047917
34 0.175429 0.031250 0.053714 0.037500
34 0.246286 0.098958 0.046857 0.052083
34 0.298857 0.098958 0.026286 0.039583
34 0.349714 0.116667 0.041143 0.045833
34 0.414286 0.136458 0.042286 0.052083
34 0.474286 0.152083 0.038857 0.045833
34 0.534857 0.137500 0.041143 0.054167
34 0.578286 0.154167 0.032000 0.037500
34 0.612000 0.170833 0.033143 0.037500
34 0.663429 0.185417 0.033143 0.054167
34 0.713143 0.189583 0.032000 0.029167
34 0.765143 0.208333 0.028571 0.037500
34 0.808000 0.208333 0.025143 0.041667
34 0.852571 0.215625 0.034286 0.047917
35 0.193143 0.657292 0.105143 0.643750
35 0.269714 0.643750 0.084571 0.620833
35 0.336571 0.637500 0.081143 0.604167
35 0.386857 0.618750 0.076571 0.579167
35 0.436000 0.608333 0.085714 0.579167
35 0.496000 0.623958 0.082286 0.581250
35 0.554857 0.619792 0.092571 0.531250
35 0.607429 0.602083 0.083429 0.537500
35 0.650857 0.593750 0.074286 0.512500
35 0.691429 0.590625 0.073143 0.506250
35 0.742857 0.615625 0.086857 0.477083
35 0.792000 0.604167 0.073143 0.479167
35 0.835429 0.611458 0.059429 0.456250
35 0.880000 0.601042 0.064000 0.431250
35 0.940571 0.598958 0.093714 0.427083
