0 0.059583 0.535714 0.107500 0.753968
0 0.144167 0.541270 0.088333 0.736508
0 0.211250 0.546825 0.084167 0.738095
0 0.276667 0.551587 0.090000 0.715873
0 0.347917 0.553175 0.094167 0.722222
0 0.407500 0.552381 0.068333 0.682540
0 0.476250 0.566667 0.074167 0.685714
0 0.551250 0.564286 0.065833 0.680952
0 0.616250 0.567460 0.074167 0.706349
0 0.670000 0.544444 0.070000 0.695238
0 0.729167 0.552381 0.085000 0.714286
0 0.783333 0.544444 0.081667 0.717460
0 0.860417 0.423810 0.085833 0.476190
0 0.936667 0.426190 0.103333 0.480952
0 0.085417 0.176984 0.045833 0.226984
0 0.139167 0.126984 0.046667 0.114286
0 0.197500 0.173810 0.035000 0.201587
0 0.269583 0.138889 0.037500 0.115873
0 0.342917 0.144444 0.037500 0.114286
0 0.400000 0.171429 0.050000 0.123810
0 0.480000 0.172222 0.053333 0.100000
0 0.542917 0.157143 0.045833 0.098413
0 0.605833 0.156349 0.046667 0.115873
0 0.662500 0.153968 0.043333 0.101587
0 0.730417 0.146032 0.052500 0.114286
0 0.790833 0.131746 0.046667 0.101587
0 0.853333 0.134921 0.043333 0.111111
0 0.922917 0.127778 0.059167 0.100000
35 0.056250 0.601587 0.099167 0.641270
35 0.139583 0.592063 0.094167 0.634921
35 0.212500 0.592857 0.088333 0.617460
35 0.277917 0.599206 0.079167 0.601587
35 0.350417 0.605556 0.094167 0.620635
35 0.413333 0.619841 0.076667 0.598413
35 0.475833 0.609524 0.076667 0.571429
35 0.559583 0.605556 0.090833 0.560317
35 0.614583 0.607143 0.087500 0.569841
35 0.675417 0.600794 0.072500 0.592063
35 0.737083 0.603175 0.079167 0.612698
35 0.793750 0.596825 0.085833 0.631746
35 0.863750 0.484127 0.082500 0.377778
35 0.934583 0.476984 0.105833 0.379365
