0 0.530000 0.525126 0.406667 0.949749
0 0.061667 0.487437 0.103333 0.633166
0 0.231667 0.484925 0.103333 0.547739
0 0.753333 0.424623 0.100000 0.537688
0 0.875000 0.396985 0.103333 0.562814
0 0.350000 0.452261 0.086667 0.512563
0 0.960000 0.447236 0.080000 0.432161
33 0.530000 0.680905 0.400000 0.638191
33 0.068333 0.545226 0.110000 0.527638
33 0.236667 0.532663 0.106667 0.472362
33 0.761667 0.452261 0.076667 0.452261
33 0.880000 0.437186 0.106667 0.472362
33 0.968333 0.477387 0.063333 0.351759
34 0.531667 0.125628 0.136667 0.150754
34 0.061667 0.198492 0.056667 0.055276
34 0.223333 0.221106 0.060000 0.040201
34 0.753333 0.158291 0.053333 0.045226
34 0.880000 0.135678 0.060000 0.050251
