0 0.069355 0.739709 0.119355 0.520581
0 0.179032 0.743341 0.100000 0.513317
0 0.273387 0.746973 0.098387 0.481840
0 0.352419 0.738499 0.079032 0.498789
0 0.423387 0.737288 0.088710 0.491525
0 0.529032 0.739709 0.103226 0.506053
0 0.657258 0.733656 0.108065 0.518160
0 0.762903 0.748184 0.093548 0.493947
0 0.847581 0.745763 0.095161 0.484262
0 0.929032 0.721550 0.112903 0.542373
0 0.226613 0.658596 0.072581 0.450363
0 0.316935 0.508475 0.043548 0.169492
0 0.395161 0.490315 0.054839 0.157385
0 0.479032 0.481840 0.061290 0.159806
0 0.591129 0.652542 0.075806 0.481840
0 0.710484 0.668281 0.069355 0.479419
0 0.798387 0.506053 0.048387 0.150121
33 0.068548 0.771186 0.114516 0.443099
33 0.176613 0.778450 0.108065 0.438257
33 0.268548 0.771186 0.101613 0.418886
33 0.521774 0.773608 0.114516 0.428571
33 0.657258 0.769976 0.140323 0.450363
33 0.924194 0.748184 0.112903 0.455206
33 0.595968 0.687651 0.085484 0.416465
34 0.075806 0.501211 0.051613 0.058111
34 0.229032 0.451574 0.038710 0.031477
34 0.182258 0.508475 0.038710 0.033898
34 0.275000 0.513317 0.046774 0.043584
34 0.320161 0.438257 0.033871 0.043584
34 0.404032 0.434625 0.030645 0.036320
34 0.492742 0.428571 0.030645 0.038741
34 0.521774 0.498789 0.037097 0.048426
34 0.587903 0.434625 0.033871 0.031477
34 0.659677 0.498789 0.045161 0.048426
34 0.697581 0.443099 0.033871 0.033898
34 0.795161 0.444310 0.035484 0.041162
34 0.919355 0.463680 0.051613 0.041162
35 0.352419 0.769976 0.072581 0.421308
35 0.426613 0.751816 0.075806 0.399516
35 0.764516 0.774818 0.087097 0.397094
35 0.848387 0.761501 0.100000 0.399516
