0 0.121875 0.526250 0.136250 0.892500
0 0.231875 0.507500 0.133750 0.910000
0 0.318125 0.496250 0.103750 0.847500
0 0.404375 0.511250 0.131250 0.912500
0 0.485000 0.548750 0.145000 0.887500
0 0.603750 0.506250 0.127500 0.917500
0 0.726875 0.515000 0.153750 0.915000
0 0.861250 0.507500 0.167500 0.970000
35 0.122500 0.587500 0.130000 0.710000
35 0.233750 0.587500 0.117500 0.720000
35 0.324375 0.537500 0.088750 0.630000
35 0.398125 0.508750 0.101250 0.607500
35 0.475000 0.563750 0.162500 0.632500
35 0.604375 0.550000 0.133750 0.640000
35 0.718750 0.558750 0.152500 0.677500
35 0.853750 0.567500 0.177500 0.710000
