42 0.564375 0.267355 0.081250 0.091932
41 0.571875 0.658537 0.113750 0.577861
41 0.681250 0.648218 0.105000 0.538462
41 0.346875 0.653846 0.128750 0.598499
39 0.464375 0.625704 0.148750 0.606004
39 0.225000 0.658537 0.160000 0.641651
39 0.785000 0.627580 0.145000 0.636023
40 0.769375 0.233583 0.063750 0.058161
40 0.465000 0.237336 0.055000 0.050657
40 0.231250 0.242026 0.065000 0.056285
0 0.224375 0.610694 0.151250 0.778612
0 0.343750 0.606942 0.135000 0.722326
0 0.460625 0.592871 0.138750 0.784240
0 0.580000 0.612570 0.112500 0.703565
0 0.677500 0.608818 0.110000 0.684803
0 0.788750 0.596623 0.152500 0.761726
