42 0.623437 0.077778 0.159375 0.138889
41 0.607812 0.611111 0.146875 0.777778
41 0.731250 0.659722 0.146875 0.680556
41 0.275000 0.663889 0.187500 0.672222
39 0.441406 0.595833 0.204687 0.808333
39 0.885938 0.651389 0.196875 0.697222
39 0.135156 0.619444 0.198437 0.761111
40 0.137500 0.086111 0.081250 0.083333
40 0.440625 0.065278 0.084375 0.080556
40 0.869531 0.159722 0.098437 0.108333
0 0.879687 0.555556 0.209375 0.888889
0 0.736719 0.547222 0.157812 0.905556
0 0.616406 0.540278 0.164062 0.919444
0 0.445312 0.509722 0.203125 0.980556
0 0.271094 0.575000 0.182812 0.850000
0 0.135937 0.520833 0.209375 0.958333
