40 0.294466 0.149805 0.059289 0.046693
40 0.463768 0.194553 0.063241 0.042802
40 0.270751 0.093385 0.054018 0.042802
40 0.646904 0.182879 0.068511 0.062257
40 0.769433 0.092412 0.055336 0.052529
40 0.598155 0.078794 0.047431 0.048638
40 0.470356 0.094358 0.050066 0.056420
39 0.289855 0.606031 0.171278 0.671206
39 0.489460 0.623541 0.177866 0.659533
39 0.648880 0.620623 0.156785 0.645914
39 0.773386 0.507782 0.160738 0.638132
0 0.293149 0.556420 0.172596 0.836576
0 0.487484 0.580739 0.187088 0.795720
0 0.649539 0.582685 0.152833 0.834630
0 0.783926 0.453307 0.144928 0.766537
0 0.581028 0.214981 0.089592 0.301556
