44 0.050781 0.175000 0.098437 0.077778
44 0.195312 0.204167 0.121875 0.108333
44 0.355469 0.243056 0.085938 0.063889
44 0.507031 0.209722 0.067187 0.069444
44 0.557813 0.205556 0.056250 0.055556
44 0.671094 0.254167 0.060937 0.063889
44 0.807813 0.145833 0.062500 0.063889
44 0.958594 0.201389 0.070312 0.075000
43 0.067187 0.655556 0.131250 0.688889
43 0.227344 0.666667 0.214062 0.666667
43 0.375000 0.691667 0.168750 0.616667
43 0.518750 0.663889 0.168750 0.672222
43 0.678906 0.588889 0.117188 0.516667
43 0.816406 0.619444 0.135937 0.761111
43 0.932031 0.668056 0.135937 0.663889
0 0.064062 0.572222 0.125000 0.855556
0 0.222656 0.577778 0.217188 0.844444
0 0.376563 0.601389 0.168750 0.797222
0 0.519531 0.590278 0.164062 0.819444
0 0.685937 0.576389 0.125000 0.713889
0 0.817969 0.554167 0.129688 0.891667
0 0.928906 0.590278 0.142187 0.819444
