0 0.061111 0.660185 0.119444 0.679630
0 0.184722 0.675000 0.138889 0.650000
0 0.276389 0.606481 0.155556 0.746296
0 0.397917 0.617593 0.148611 0.698148
0 0.522222 0.612963 0.122222 0.659259
0 0.643750 0.611111 0.120833 0.648148
0 0.740278 0.622222 0.111111 0.577778
0 0.837500 0.647222 0.136111 0.535185
0 0.939583 0.672222 0.120833 0.633333
43 0.273611 0.622222 0.150000 0.540741
43 0.408333 0.640741 0.141667 0.533333
43 0.529861 0.650926 0.134722 0.501852
43 0.642361 0.650926 0.143056 0.524074
43 0.738194 0.666667 0.106944 0.470370
44 0.268750 0.261111 0.079167 0.066667
44 0.409722 0.295370 0.063889 0.050000
44 0.529861 0.301852 0.065278 0.048148
44 0.648611 0.297222 0.069444 0.046296
44 0.736806 0.350000 0.065278 0.037037
