44 0.525500 0.438438 0.063000 0.039039
44 0.909500 0.431682 0.061000 0.052553
44 0.834500 0.409910 0.041000 0.030030
44 0.779000 0.428679 0.044000 0.034535
44 0.701000 0.421922 0.038000 0.027027
44 0.434500 0.396396 0.039000 0.024024
43 0.907500 0.756757 0.151000 0.486486
43 0.776000 0.713213 0.128000 0.405405
43 0.534000 0.751502 0.356000 0.496997
43 0.420000 0.704955 0.124000 0.466967
43 0.265000 0.713964 0.136000 0.451952
43 0.090500 0.699700 0.139000 0.426426
43 0.343500 0.661411 0.079000 0.397898
0 0.092500 0.683183 0.133000 0.594595
0 0.261000 0.685435 0.130000 0.557057
0 0.344000 0.662162 0.086000 0.561562
0 0.423500 0.673423 0.129000 0.587087
0 0.531000 0.712462 0.368000 0.575075
0 0.661500 0.696697 0.103000 0.558559
0 0.780000 0.709459 0.124000 0.581081
0 0.915500 0.704204 0.147000 0.591592
