44 0.050000 0.173333 0.085000 0.080000
44 0.195000 0.214444 0.107500 0.086667
44 0.354375 0.247778 0.078750 0.095556
44 0.506250 0.208889 0.067500 0.080000
44 0.556250 0.208889 0.055000 0.071111
44 0.810625 0.146667 0.073750 0.057778
44 0.958125 0.208889 0.083750 0.093333
43 0.068750 0.665556 0.135000 0.668889
43 0.220000 0.678889 0.215000 0.642222
43 0.375000 0.688889 0.165000 0.622222
43 0.515625 0.665556 0.166250 0.668889
43 0.678750 0.591111 0.125000 0.497778
43 0.821875 0.623333 0.141250 0.753333
43 0.938125 0.663333 0.123750 0.673333
0 0.065000 0.570000 0.127500 0.860000
0 0.205625 0.578889 0.203750 0.842222
0 0.368125 0.605556 0.171250 0.788889
0 0.521875 0.586667 0.161250 0.826667
0 0.683750 0.593333 0.132500 0.715556
0 0.821875 0.554444 0.136250 0.891111
0 0.938750 0.584444 0.122500 0.831111
