0 0.175000 0.657778 0.127500 0.684444
0 0.308750 0.652222 0.125000 0.695556
0 0.422500 0.624444 0.140000 0.751111
0 0.560000 0.623333 0.145000 0.753333
0 0.695000 0.627778 0.132500 0.744444
0 0.815000 0.613333 0.120000 0.773333
43 0.305625 0.706667 0.116250 0.586667
43 0.426250 0.690000 0.140000 0.620000
43 0.556250 0.684444 0.132500 0.631111
43 0.689375 0.685556 0.136250 0.628889
44 0.303750 0.316667 0.050000 0.046667
44 0.418125 0.276667 0.053750 0.046667
44 0.550000 0.270000 0.045000 0.060000
44 0.673125 0.278889 0.053750 0.033333
