44 0.034375 0.295833 0.065625 0.075000
44 0.170313 0.266667 0.056250 0.061111
44 0.325000 0.256944 0.068750 0.069444
44 0.442969 0.229167 0.032813 0.036111
44 0.509375 0.248611 0.046875 0.058333
43 0.071875 0.713889 0.140625 0.572222
43 0.216406 0.608333 0.157812 0.494444
43 0.351562 0.656944 0.134375 0.608333
43 0.508594 0.566667 0.120313 0.472222
43 0.446094 0.488889 0.073438 0.383333
43 0.632812 0.525000 0.121875 0.416667
43 0.745313 0.491667 0.090625 0.350000
0 0.068750 0.638889 0.134375 0.722222
0 0.216406 0.604167 0.170313 0.713889
0 0.354687 0.619444 0.134375 0.761111
0 0.447656 0.484722 0.076563 0.547222
0 0.505469 0.583333 0.117188 0.716667
0 0.634375 0.529167 0.096875 0.597222
0 0.745313 0.487500 0.093750 0.480556
