44 0.811820 0.123318 0.077760 0.053812
44 0.660187 0.196188 0.066874 0.082960
44 0.601866 0.273543 0.071540 0.049327
44 0.500000 0.304933 0.076205 0.053812
44 0.383359 0.321749 0.069984 0.056054
44 0.302488 0.344170 0.079316 0.060538
44 0.258165 0.265695 0.087092 0.042601
44 0.159409 0.300448 0.104199 0.085202
44 0.066096 0.252242 0.085537 0.073991
43 0.147745 0.713004 0.205288 0.573991
43 0.314152 0.726457 0.158631 0.547085
43 0.407465 0.680493 0.124417 0.500000
43 0.515552 0.672646 0.122862 0.484305
43 0.620529 0.637892 0.139969 0.500000
43 0.853033 0.565022 0.213064 0.663677
0 0.064541 0.368834 0.113530 0.320628
0 0.146967 0.628924 0.213064 0.742152
0 0.316485 0.652466 0.150855 0.695067
0 0.407465 0.641256 0.118196 0.717489
0 0.519440 0.639013 0.124417 0.721973
0 0.621306 0.591928 0.138414 0.672646
0 0.698289 0.535874 0.127527 0.677130
0 0.853033 0.528027 0.213064 0.831839
