13 0.093000 0.652459 0.090000 0.563934
13 0.162000 0.691803 0.124000 0.504918
13 0.233000 0.690164 0.114000 0.508197
13 0.330000 0.688525 0.080000 0.406557
13 0.421000 0.668852 0.106000 0.472131
13 0.504000 0.681967 0.116000 0.432787
13 0.631000 0.644262 0.126000 0.514754
13 0.729000 0.580328 0.110000 0.649180
13 0.825000 0.622951 0.118000 0.504918
13 0.914000 0.636066 0.136000 0.524590
8 0.735000 0.575410 0.130000 0.731148
8 0.830000 0.613115 0.096000 0.609836
8 0.925000 0.621311 0.126000 0.567213
8 0.622000 0.627869 0.092000 0.567213
8 0.532000 0.667213 0.124000 0.540984
8 0.417000 0.660656 0.130000 0.540984
8 0.335000 0.708197 0.110000 0.439344
8 0.244000 0.663934 0.124000 0.527869
8 0.164000 0.670492 0.124000 0.508197
8 0.090000 0.640984 0.128000 0.580328
14 0.342000 0.395082 0.108000 0.206557
