7 0.331818 0.459569 0.106061 0.331536
7 0.419697 0.438005 0.075758 0.326146
13 0.330303 0.458221 0.100000 0.328841
13 0.414394 0.435310 0.065152 0.320755
14 0.221212 0.551213 0.133333 0.326146
14 0.065152 0.835580 0.115152 0.328841
14 0.505303 0.814016 0.268182 0.253369
14 0.669697 0.672507 0.181818 0.256065
14 0.564394 0.345013 0.119697 0.177898
14 0.492424 0.181941 0.978788 0.175202
14 0.846212 0.438005 0.307576 0.363881
14 0.919697 0.808625 0.160606 0.382749
14 0.776515 0.835580 0.180303 0.221024
