13 0.126154 0.469945 0.190769 0.830601
13 0.256923 0.550546 0.110769 0.560109
13 0.642308 0.571038 0.093846 0.442623
13 0.714615 0.490437 0.109231 0.620219
13 0.866154 0.554645 0.110769 0.442623
2 0.129231 0.509563 0.184615 0.980874
2 0.249231 0.605191 0.101538 0.751366
2 0.640769 0.613388 0.106154 0.560109
2 0.746154 0.539617 0.169231 0.816940
2 0.873077 0.598361 0.146154 0.562842
14 0.463077 0.680328 0.292308 0.480874
14 0.035385 0.699454 0.067692 0.420765
14 0.814615 0.632514 0.100000 0.390710
14 0.960000 0.661202 0.080000 0.415301
