13 0.074074 0.303226 0.123457 0.309677
13 0.216049 0.274194 0.154321 0.303226
13 0.347222 0.377419 0.151235 0.393548
13 0.483025 0.396774 0.120370 0.225806
13 0.662037 0.267742 0.126543 0.316129
13 0.771605 0.270968 0.123457 0.309677
13 0.919753 0.283871 0.160494 0.425806
6 0.074074 0.519355 0.141975 0.716129
6 0.217593 0.483871 0.151235 0.696774
6 0.358025 0.541935 0.148148 0.645161
6 0.487654 0.600000 0.154321 0.645161
6 0.668210 0.551613 0.132716 0.690323
6 0.774691 0.500000 0.141975 0.716129
6 0.916667 0.506452 0.166667 0.909677
