13 0.203516 0.635404 0.125781 0.553341
13 0.258984 0.637163 0.058594 0.486518
13 0.284375 0.611372 0.067187 0.479484
13 0.319141 0.601993 0.067969 0.409144
13 0.037500 0.628957 0.073438 0.488863
13 0.088672 0.628957 0.111719 0.373974
13 0.152734 0.637749 0.057031 0.377491
13 0.446875 0.655920 0.142187 0.556858
13 0.693359 0.647128 0.125781 0.541618
13 0.960156 0.661196 0.079687 0.529894
13 0.907813 0.597890 0.082812 0.398593
5 0.250391 0.655334 0.222656 0.586166
5 0.462500 0.660610 0.145313 0.582649
5 0.690625 0.671161 0.185938 0.573271
5 0.920312 0.655920 0.159375 0.512309
5 0.081641 0.643611 0.161719 0.508792
14 0.563672 0.569168 0.114844 0.322392
14 0.786719 0.582649 0.087500 0.300117
14 0.378906 0.590856 0.078125 0.365768
