13 0.212621 0.603499 0.180583 0.758017
13 0.119417 0.607872 0.130097 0.784257
13 0.054369 0.604956 0.104854 0.667638
13 0.472816 0.562682 0.126214 0.623907
13 0.395146 0.518950 0.099029 0.612245
13 0.315534 0.532070 0.064078 0.527697
13 0.276699 0.362974 0.052427 0.148688
13 0.639806 0.491254 0.083495 0.457726
13 0.573786 0.500000 0.087379 0.428571
13 0.526214 0.457726 0.058252 0.402332
13 0.800000 0.454810 0.066019 0.338192
13 0.750485 0.446064 0.056311 0.303207
13 0.702913 0.412536 0.062136 0.317784
5 0.159223 0.604956 0.314563 0.790087
5 0.419417 0.587464 0.396117 0.702624
5 0.605825 0.507289 0.244660 0.507289
5 0.757282 0.440233 0.194175 0.355685
14 0.913592 0.432945 0.102913 0.341108
