13 0.535937 0.675000 0.103125 0.486364
13 0.603125 0.690909 0.075000 0.500000
13 0.678125 0.684091 0.118750 0.568182
13 0.184375 0.545455 0.093750 0.345455
13 0.123438 0.536364 0.071875 0.309091
13 0.409375 0.554545 0.056250 0.300000
13 0.460938 0.543182 0.065625 0.277273
13 0.240625 0.493182 0.087500 0.277273
13 0.325000 0.486364 0.100000 0.263636
13 0.753125 0.572727 0.112500 0.309091
13 0.903125 0.550000 0.068750 0.281818
13 0.940625 0.550000 0.056250 0.236364
13 0.975000 0.550000 0.050000 0.290909
5 0.612500 0.684091 0.256250 0.550000
5 0.764062 0.584091 0.128125 0.350000
5 0.935937 0.547727 0.128125 0.340909
5 0.443750 0.538636 0.143750 0.295455
5 0.334375 0.486364 0.087500 0.263636
5 0.251563 0.506818 0.090625 0.286364
5 0.153125 0.552273 0.118750 0.368182
