13 0.086538 0.428870 0.171538 0.259414
13 0.194615 0.403766 0.153846 0.334728
13 0.269615 0.375523 0.060769 0.223849
13 0.337308 0.349895 0.148462 0.256276
13 0.428077 0.355649 0.151538 0.297071
13 0.521538 0.319561 0.147692 0.206067
13 0.622308 0.330021 0.184615 0.273013
13 0.714615 0.362448 0.161538 0.153766
13 0.758846 0.288180 0.113077 0.132845
13 0.836923 0.263075 0.096923 0.109833
13 0.939231 0.349895 0.121538 0.130753
6 0.047308 0.580544 0.093077 0.656904
6 0.163077 0.570084 0.164615 0.602510
6 0.248462 0.547071 0.101538 0.589958
6 0.324615 0.529289 0.212308 0.583682
6 0.426538 0.468096 0.177692 0.524059
6 0.520769 0.485356 0.187692 0.531381
6 0.615000 0.472803 0.177692 0.435146
6 0.737692 0.430962 0.170769 0.435146
6 0.933077 0.428347 0.133846 0.360879
14 0.106923 0.216527 0.212308 0.169456
14 0.870385 0.188285 0.259231 0.144351
