13 0.180714 0.708651 0.087143 0.424936
13 0.222143 0.781170 0.075714 0.325700
13 0.267857 0.790076 0.072857 0.419847
13 0.312143 0.782443 0.075714 0.379135
13 0.355714 0.765903 0.074286 0.432570
13 0.409286 0.807888 0.087143 0.368957
13 0.492143 0.791349 0.075714 0.259542
13 0.651429 0.805344 0.100000 0.389313
13 0.725714 0.810433 0.088571 0.358779
13 0.727857 0.585242 0.067143 0.183206
13 0.837857 0.667939 0.072857 0.363868
13 0.585000 0.596692 0.044286 0.236641
13 0.550714 0.647583 0.044286 0.277354
13 0.507143 0.609415 0.042857 0.180662
13 0.460000 0.580153 0.048571 0.203562
13 0.414286 0.550891 0.051429 0.170483
3 0.505714 0.736641 0.737143 0.526718
