13 0.288125 0.189493 0.236250 0.326454
13 0.666875 0.721388 0.261250 0.425891
13 0.841250 0.220450 0.167500 0.264540
13 0.606875 0.338649 0.151250 0.223265
13 0.412500 0.272045 0.115000 0.180113
6 0.291875 0.479362 0.258750 0.898687
6 0.588750 0.691370 0.412500 0.493433
6 0.861250 0.454972 0.190000 0.703565
6 0.607500 0.518762 0.145000 0.575985
6 0.436250 0.333959 0.122500 0.318949
14 0.121875 0.411820 0.241250 0.786116
14 0.561250 0.211069 0.415000 0.193246
14 0.949375 0.396811 0.101250 0.538462
