13 0.152308 0.528125 0.104615 0.500000
13 0.101538 0.504687 0.049231 0.503125
13 0.691538 0.520312 0.269231 0.959375
13 0.576154 0.518750 0.087692 0.843750
13 0.486154 0.550000 0.076923 0.750000
13 0.906154 0.587500 0.104615 0.587500
13 0.850769 0.535937 0.110769 0.559375
13 0.810769 0.556250 0.080000 0.506250
13 0.758462 0.568750 0.073846 0.487500
5 0.140769 0.520312 0.170769 0.571875
5 0.608462 0.521875 0.312308 0.956250
5 0.854615 0.582812 0.220000 0.640625
14 0.346154 0.557813 0.255385 0.259375
