13 0.163551 0.314404 0.099688 0.157895
13 0.391745 0.288089 0.085670 0.227147
13 0.597352 0.317175 0.172897 0.157895
13 0.824766 0.285319 0.144860 0.238227
6 0.170561 0.441828 0.119938 0.423823
6 0.403427 0.436288 0.099688 0.490305
6 0.599688 0.427978 0.165109 0.390582
6 0.813863 0.450139 0.147975 0.590028
14 0.292056 0.386427 0.166667 0.434903
14 0.066978 0.386427 0.130841 0.429363
14 0.483645 0.369806 0.129283 0.468144
14 0.716511 0.362881 0.080997 0.437673
14 0.927570 0.401662 0.144860 0.432133
