13 0.106944 0.467593 0.147222 0.579630
13 0.218750 0.564815 0.173611 0.725926
13 0.474306 0.462037 0.154167 0.464815
13 0.586806 0.478704 0.120833 0.550000
13 0.673611 0.506481 0.097222 0.387037
13 0.775000 0.522222 0.105556 0.392593
2 0.101389 0.532407 0.158333 0.705556
2 0.218750 0.602778 0.190278 0.794444
2 0.471528 0.517593 0.168056 0.612963
2 0.590278 0.541667 0.125000 0.683333
2 0.675694 0.573148 0.120833 0.505556
2 0.778472 0.557407 0.131944 0.485185
14 0.934028 0.575926 0.131944 0.562963
