13 0.396667 0.213333 0.086667 0.200000
13 0.309167 0.405556 0.108333 0.322222
13 0.254167 0.371111 0.065000 0.271111
13 0.380833 0.374444 0.051667 0.228889
13 0.431667 0.385556 0.060000 0.282222
13 0.481667 0.410000 0.053333 0.313333
13 0.541667 0.412222 0.083333 0.308889
13 0.601667 0.417778 0.046667 0.328889
13 0.624167 0.417778 0.038333 0.306667
13 0.647500 0.416667 0.055000 0.295556
13 0.703333 0.413333 0.100000 0.333333
13 0.778333 0.442222 0.090000 0.364444
13 0.870000 0.462222 0.100000 0.377778
13 0.960000 0.464444 0.080000 0.457778
3 0.624167 0.401111 0.751667 0.557778
