13 0.910185 0.483333 0.153704 0.951852
13 0.597222 0.531481 0.157407 0.929630
13 0.266667 0.544444 0.122222 0.911111
13 0.422222 0.479630 0.133333 0.655556
13 0.364815 0.531481 0.144444 0.774074
13 0.112963 0.524074 0.118519 0.692593
2 0.118519 0.566667 0.107407 0.866667
2 0.268519 0.540741 0.148148 0.918519
2 0.601852 0.533333 0.181481 0.933333
2 0.412037 0.533333 0.131481 0.933333
2 0.912037 0.507407 0.175926 0.985185
14 0.764815 0.533333 0.122222 0.674074
14 0.505556 0.409259 0.107407 0.440741
