13 0.357932 0.603916 0.713855 0.316265
13 0.365462 0.579819 0.522088 0.280120
13 0.623996 0.483434 0.350402 0.331325
13 0.744478 0.442771 0.380522 0.382530
13 0.914157 0.374247 0.171687 0.414157
13 0.289157 0.146837 0.076305 0.281627
13 0.337851 0.143072 0.077309 0.259036
13 0.385040 0.151355 0.075301 0.257530
13 0.439759 0.137048 0.076305 0.240964
13 0.570783 0.148343 0.079317 0.281627
13 0.637550 0.149849 0.068273 0.269578
13 0.705823 0.152108 0.080321 0.280120
13 0.761546 0.160392 0.061245 0.311747
13 0.810743 0.159639 0.075301 0.286145
5 0.500502 0.492470 0.998996 0.650602
14 0.116466 0.161145 0.230924 0.319277
5 0.692269 0.158133 0.304217 0.313253
5 0.360944 0.154367 0.254016 0.305723
