13 0.209375 0.640094 0.115625 0.553341
13 0.263672 0.637749 0.075781 0.471278
13 0.296094 0.609613 0.076563 0.445487
13 0.453125 0.647714 0.131250 0.559203
13 0.699219 0.660610 0.101562 0.516999
13 0.651172 0.627784 0.063281 0.430246
13 0.967187 0.645369 0.065625 0.502931
13 0.911328 0.609613 0.063281 0.405627
13 0.882422 0.591442 0.052344 0.364596
13 0.033594 0.637749 0.065625 0.499414
13 0.089063 0.629543 0.073438 0.379836
13 0.142187 0.614889 0.073438 0.338804
5 0.247266 0.666471 0.224219 0.596717
5 0.456641 0.658851 0.138281 0.616647
5 0.686719 0.660023 0.148438 0.543962
5 0.928906 0.662368 0.142187 0.532239
5 0.088281 0.635991 0.175000 0.463072
14 0.567969 0.580891 0.118750 0.305979
