13 0.234375 0.441452 0.040625 0.081967
13 0.356250 0.428571 0.037500 0.056206
13 0.482031 0.433255 0.035937 0.056206
13 0.571094 0.430913 0.039062 0.060890
13 0.678125 0.422717 0.031250 0.053864
6 0.235937 0.488290 0.062500 0.199063
6 0.353906 0.483607 0.067187 0.185012
6 0.485938 0.483607 0.043750 0.156909
6 0.570312 0.473068 0.056250 0.145199
6 0.678125 0.449649 0.040625 0.163934
14 0.095312 0.633489 0.187500 0.555035
14 0.294531 0.462529 0.067187 0.264637
14 0.416406 0.467213 0.079687 0.217799
14 0.526563 0.469555 0.037500 0.199063
14 0.634375 0.459016 0.053125 0.177986
14 0.857812 0.446136 0.284375 0.217799
