13 0.147333 0.455000 0.289333 0.882000
13 0.375333 0.546000 0.145333 0.576000
13 0.503333 0.566000 0.118667 0.492000
13 0.584000 0.600000 0.109333 0.436000
13 0.704000 0.651000 0.125333 0.334000
13 0.825333 0.612000 0.184000 0.428000
13 0.975333 0.650000 0.049333 0.288000
2 0.164667 0.503000 0.321333 0.994000
2 0.377333 0.624000 0.245333 0.740000
2 0.496667 0.583000 0.092000 0.834000
2 0.600667 0.573000 0.092000 0.558000
2 0.704000 0.707000 0.120000 0.458000
2 0.828000 0.642000 0.245333 0.608000
2 0.972000 0.696000 0.056000 0.436000
