13 0.141935 0.490315 0.138710 0.777240
13 0.387903 0.483051 0.162903 0.786925
13 0.571774 0.516949 0.162903 0.806295
13 0.766935 0.493947 0.159677 0.794189
2 0.138710 0.544794 0.129032 0.910412
2 0.388710 0.539952 0.161290 0.920097
2 0.568548 0.519370 0.153226 0.961259
2 0.769355 0.535109 0.158065 0.929782
14 0.050806 0.627119 0.098387 0.585956
14 0.260484 0.600484 0.143548 0.566586
14 0.482258 0.615012 0.083871 0.450363
14 0.670161 0.623487 0.104839 0.544794
14 0.909677 0.630751 0.180645 0.738499
