13 0.219615 0.585673 0.122308 0.305905
13 0.163077 0.459826 0.089231 0.185866
13 0.103462 0.459342 0.110000 0.237173
13 0.303846 0.386738 0.115385 0.134560
13 0.426923 0.434656 0.138462 0.230397
13 0.549231 0.405615 0.130769 0.151016
13 0.644615 0.505324 0.110769 0.152953
13 0.744231 0.432236 0.097692 0.192643
13 0.857308 0.487415 0.128462 0.202323
13 0.826923 0.346563 0.080000 0.096805
6 0.197308 0.668925 0.153077 0.499516
6 0.172692 0.504840 0.057692 0.301065
6 0.110769 0.536786 0.092308 0.463698
6 0.300769 0.475799 0.087692 0.299129
6 0.430769 0.573088 0.141538 0.503388
6 0.553462 0.513069 0.096154 0.371733
6 0.647692 0.628267 0.147692 0.418199
6 0.726538 0.573088 0.088462 0.453049
6 0.842692 0.583737 0.140769 0.449177
14 0.496538 0.173282 0.991538 0.344627
