13 0.167500 0.328750 0.101667 0.162500
13 0.290000 0.630000 0.193333 0.270000
13 0.302500 0.402500 0.071667 0.100000
13 0.425000 0.386250 0.060000 0.132500
13 0.637500 0.303750 0.211667 0.262500
13 0.738333 0.433750 0.046667 0.102500
13 0.828333 0.392500 0.043333 0.085000
13 0.885833 0.383750 0.085000 0.162500
6 0.167500 0.400000 0.085000 0.300000
6 0.310000 0.632500 0.206667 0.330000
6 0.301667 0.426250 0.060000 0.152500
6 0.420833 0.460000 0.081667 0.225000
6 0.629167 0.413750 0.228333 0.487500
6 0.730000 0.487500 0.066667 0.180000
6 0.833333 0.460000 0.056667 0.220000
6 0.883333 0.471250 0.103333 0.297500
