13 0.846094 0.546875 0.079687 0.285417
13 0.780469 0.542708 0.076563 0.260417
13 0.725000 0.552083 0.068750 0.233333
13 0.672656 0.539583 0.073438 0.270833
13 0.600000 0.539583 0.087500 0.254167
13 0.532813 0.536458 0.068750 0.264583
13 0.465625 0.537500 0.068750 0.262500
13 0.400000 0.535417 0.075000 0.275000
13 0.343750 0.537500 0.071875 0.275000
13 0.292187 0.550000 0.059375 0.270833
13 0.235937 0.560417 0.068750 0.300000
13 0.150781 0.582292 0.076563 0.302083
13 0.058594 0.576042 0.092188 0.356250
4 0.494531 0.493750 0.973437 0.495833
