13 0.123750 0.372899 0.100000 0.481092
13 0.286250 0.366597 0.082500 0.401261
13 0.376250 0.413866 0.107500 0.483193
13 0.531875 0.359244 0.108750 0.420168
13 0.878125 0.330882 0.101250 0.409664
13 0.701250 0.409664 0.105000 0.424370
2 0.126875 0.440126 0.098750 0.628151
2 0.289375 0.454832 0.096250 0.623950
2 0.378125 0.468487 0.098750 0.592437
2 0.533125 0.469538 0.146250 0.628151
2 0.700625 0.475840 0.133750 0.602941
2 0.878125 0.428571 0.116250 0.630252
14 0.054375 0.464286 0.103750 0.306723
14 0.221875 0.494748 0.106250 0.363445
14 0.783750 0.481092 0.137500 0.310924
14 0.962500 0.474790 0.075000 0.260504
14 0.601875 0.489496 0.078750 0.310924
