13 0.055721 0.341689 0.108470 0.303430
13 0.156761 0.300792 0.117385 0.343008
13 0.283804 0.332454 0.148588 0.279683
13 0.405646 0.311346 0.127786 0.321900
13 0.520802 0.311346 0.126300 0.321900
13 0.645617 0.332454 0.132244 0.321900
13 0.789004 0.313984 0.148588 0.327177
13 0.928678 0.315303 0.121842 0.266491
6 0.053492 0.490765 0.104012 0.606860
6 0.161961 0.464380 0.121842 0.659631
6 0.280832 0.489446 0.148588 0.609499
6 0.393759 0.476253 0.127786 0.625330
6 0.523031 0.472296 0.133730 0.622691
6 0.656761 0.492084 0.157504 0.635884
6 0.795691 0.460422 0.144131 0.635884
6 0.936107 0.482850 0.127786 0.612137
