13 0.702597 0.362264 0.189610 0.686792
13 0.642857 0.435849 0.106494 0.433962
13 0.468831 0.426415 0.137662 0.633962
13 0.309091 0.433962 0.171429 0.664151
13 0.149351 0.477358 0.142857 0.532075
2 0.151948 0.566038 0.148052 0.739623
2 0.306494 0.564151 0.161039 0.871698
2 0.471429 0.539623 0.148052 0.890566
2 0.737662 0.494340 0.207792 0.913208
2 0.648052 0.528302 0.148052 0.679245
14 0.055844 0.645283 0.106494 0.339623
14 0.896104 0.556604 0.207792 0.388679
14 0.580519 0.588679 0.096104 0.324528
