13 0.076250 0.309859 0.147500 0.281690
13 0.328750 0.313380 0.187500 0.302817
13 0.545000 0.265845 0.160000 0.242958
13 0.738750 0.271127 0.127500 0.190141
13 0.936250 0.334507 0.127500 0.253521
6 0.081250 0.438380 0.157500 0.517606
6 0.316250 0.492958 0.177500 0.633803
6 0.531250 0.390845 0.162500 0.514085
6 0.736250 0.420775 0.147500 0.461268
6 0.925000 0.494718 0.150000 0.545775
14 0.845000 0.279930 0.100000 0.362676
14 0.676250 0.246479 0.142500 0.302817
14 0.452500 0.235915 0.100000 0.366197
14 0.271250 0.190141 0.102500 0.239437
