13 0.089063 0.634146 0.090625 0.409756
13 0.162500 0.634146 0.087500 0.439024
13 0.235937 0.604878 0.078125 0.409756
13 0.306250 0.575610 0.056250 0.380488
13 0.367188 0.570732 0.071875 0.331707
13 0.423438 0.592683 0.065625 0.365854
13 0.482812 0.619512 0.090625 0.292683
13 0.587500 0.604878 0.081250 0.390244
13 0.637500 0.595122 0.031250 0.351220
13 0.679688 0.668293 0.071875 0.390244
13 0.739062 0.626829 0.046875 0.434146
13 0.781250 0.636585 0.050000 0.385366
13 0.828125 0.646341 0.050000 0.414634
13 0.904687 0.656098 0.078125 0.395122
3 0.496875 0.624390 0.912500 0.478049
14 0.490625 0.326829 0.100000 0.331707
