13 0.079615 0.235356 0.157692 0.368201
13 0.208077 0.302824 0.159231 0.360879
13 0.279615 0.380753 0.183846 0.320084
13 0.403846 0.339958 0.129231 0.267782
13 0.504615 0.243724 0.116923 0.263598
13 0.570000 0.281381 0.120000 0.294979
13 0.740769 0.239017 0.084615 0.293933
13 0.824231 0.267782 0.236154 0.309623
6 0.088462 0.520921 0.175385 0.958159
6 0.210769 0.506799 0.178462 0.802301
6 0.301154 0.541318 0.185385 0.726987
6 0.409615 0.470711 0.166923 0.673640
6 0.475000 0.376046 0.171538 0.586820
6 0.570000 0.391213 0.127692 0.589958
6 0.831538 0.436715 0.155385 0.626569
6 0.690385 0.368201 0.182308 0.560669
6 0.922308 0.405858 0.135385 0.324268
