13 0.101333 0.583000 0.125333 0.194000
13 0.344000 0.539000 0.136000 0.182000
13 0.544667 0.451000 0.137333 0.250000
13 0.764000 0.516000 0.133333 0.168000
13 0.939333 0.489000 0.121333 0.254000
6 0.104000 0.677000 0.152000 0.410000
6 0.337333 0.677000 0.160000 0.478000
6 0.530667 0.608000 0.165333 0.524000
6 0.752000 0.654000 0.162667 0.520000
6 0.937333 0.633000 0.125333 0.550000
14 0.225333 0.510000 0.133333 0.616000
14 0.090667 0.321000 0.178667 0.266000
14 0.460000 0.311000 0.216000 0.306000
14 0.807333 0.264000 0.385333 0.452000
