13 0.440000 0.531726 0.217143 0.936548
13 0.325714 0.545685 0.214286 0.908629
13 0.239286 0.496193 0.224286 0.835025
13 0.186429 0.492386 0.207143 0.715736
13 0.567857 0.549492 0.098571 0.434010
13 0.637857 0.535533 0.121429 0.497462
13 0.701429 0.569797 0.114286 0.489848
13 0.803571 0.571066 0.164286 0.598985
5 0.293571 0.531726 0.490000 0.936548
5 0.739286 0.582487 0.407143 0.682741
14 0.072143 0.498731 0.141429 0.373096
14 0.912857 0.595178 0.137143 0.444162
14 0.552143 0.527919 0.081429 0.335025
