13 0.410825 0.229779 0.153608 0.356618
13 0.530412 0.301471 0.137113 0.308824
13 0.620103 0.530331 0.048454 0.178309
13 0.661856 0.522059 0.074227 0.180147
13 0.311340 0.487132 0.068041 0.194853
13 0.263402 0.487132 0.048454 0.194853
13 0.211340 0.505515 0.049485 0.169118
6 0.410309 0.469669 0.127835 0.792279
6 0.524227 0.510110 0.110309 0.751838
6 0.609278 0.643382 0.070103 0.319853
6 0.672680 0.628676 0.064948 0.386029
6 0.306186 0.602941 0.084536 0.386029
6 0.261856 0.602941 0.059794 0.378676
6 0.213402 0.599265 0.072165 0.341912
14 0.093299 0.610294 0.184536 0.360294
14 0.867526 0.628676 0.264948 0.419118
