13 0.884615 0.610677 0.173626 0.778646
13 0.710623 0.698568 0.149451 0.602865
13 0.636630 0.679036 0.095238 0.641927
13 0.573260 0.703125 0.113553 0.593750
13 0.489011 0.714193 0.103297 0.571615
13 0.417949 0.654297 0.071062 0.514323
13 0.331136 0.582682 0.076190 0.376302
13 0.387912 0.625000 0.071062 0.500000
8 0.882784 0.605469 0.216850 0.789062
8 0.715018 0.656901 0.143590 0.686198
8 0.634799 0.651693 0.129670 0.696615
8 0.561905 0.680990 0.136264 0.638021
8 0.478022 0.673177 0.117949 0.632812
8 0.407692 0.636068 0.115018 0.535156
8 0.336264 0.567057 0.079121 0.441406
14 0.137729 0.558594 0.273993 0.372396
