13 0.069745 0.358407 0.092338 0.132743
13 0.166994 0.510324 0.117878 0.212389
13 0.355599 0.414454 0.058939 0.144543
13 0.427308 0.395280 0.041257 0.106195
13 0.506876 0.392330 0.070727 0.147493
13 0.611984 0.348083 0.166994 0.235988
13 0.856582 0.452802 0.106090 0.221239
13 0.962672 0.401180 0.074656 0.194690
6 0.057957 0.438053 0.092338 0.345133
6 0.160118 0.541298 0.100196 0.238938
6 0.354617 0.471976 0.096267 0.283186
6 0.435167 0.485251 0.060904 0.321534
6 0.449902 0.504425 0.055010 0.247788
6 0.512770 0.485251 0.082515 0.309735
6 0.623772 0.501475 0.151277 0.530973
6 0.838900 0.542773 0.137525 0.389381
6 0.963654 0.489676 0.072692 0.377581
