13 0.250000 0.313924 0.068571 0.162025
13 0.206429 0.346835 0.061429 0.182278
13 0.411429 0.382278 0.074286 0.227848
13 0.480714 0.343038 0.081429 0.184810
13 0.725714 0.384810 0.162857 0.248101
13 0.822857 0.337975 0.140000 0.286076
6 0.140000 0.381013 0.077143 0.301266
6 0.234286 0.421519 0.097143 0.463291
6 0.451429 0.472152 0.177143 0.397468
6 0.770000 0.511392 0.257143 0.602532
14 0.064286 0.410127 0.125714 0.354430
14 0.314286 0.369620 0.114286 0.243038
14 0.581429 0.324051 0.137143 0.212658
14 0.939286 0.368354 0.121429 0.189873
