13 0.340152 0.491914 0.104545 0.358491
13 0.418939 0.446092 0.062121 0.293801
7 0.340152 0.491914 0.107576 0.363881
7 0.418939 0.444744 0.062121 0.301887
14 0.230303 0.582210 0.151515 0.301887
14 0.068182 0.840970 0.093939 0.318059
14 0.584848 0.851752 0.403030 0.296496
14 0.675758 0.597035 0.296970 0.250674
14 0.912879 0.702156 0.174242 0.256065
14 0.887121 0.838275 0.225758 0.323450
14 0.812121 0.268194 0.375758 0.390836
14 0.393182 0.172507 0.340909 0.210243
14 0.630303 0.287062 0.300000 0.180593
