13 0.498404 0.280800 0.058511 0.155200
13 0.513830 0.369600 0.068085 0.176000
13 0.517021 0.675200 0.072340 0.297600
13 0.509574 0.923200 0.097872 0.153600
13 0.162234 0.315200 0.084043 0.182400
13 0.086170 0.664800 0.127660 0.254400
13 0.836702 0.336800 0.096809 0.174400
13 0.917553 0.483200 0.154255 0.236800
13 0.964362 0.708000 0.071277 0.283200
9 0.496809 0.529600 0.146809 0.940800
9 0.853723 0.445600 0.292553 0.769600
9 0.183511 0.404000 0.364894 0.769600
14 0.502128 0.886400 0.995745 0.227200
