13 0.110500 0.649175 0.219000 0.701649
13 0.366500 0.615442 0.277000 0.769115
13 0.512500 0.691154 0.181000 0.617691
13 0.604500 0.613193 0.153000 0.773613
13 0.690000 0.617691 0.078000 0.764618
13 0.732500 0.649925 0.083000 0.700150
11 0.166000 0.647676 0.330000 0.704648
11 0.381000 0.610195 0.354000 0.779610
11 0.538500 0.675412 0.241000 0.649175
11 0.621000 0.600450 0.138000 0.799100
11 0.712500 0.617691 0.109000 0.755622
11 0.774500 0.610195 0.081000 0.737631
14 0.927500 0.607196 0.145000 0.785607
