13 0.466000 0.496622 0.080000 0.162913
13 0.491000 0.560060 0.089000 0.154655
13 0.493250 0.733483 0.072500 0.219219
13 0.501750 0.905405 0.081500 0.189189
13 0.400250 0.400150 0.058500 0.141141
13 0.404250 0.516141 0.043500 0.186937
13 0.224250 0.544670 0.036500 0.105856
13 0.225250 0.648273 0.057500 0.122372
13 0.234500 0.765390 0.039000 0.138889
13 0.305750 0.579955 0.040500 0.108859
13 0.305250 0.677553 0.029500 0.095345
13 0.414000 0.742492 0.057000 0.151652
13 0.419000 0.901652 0.057000 0.196697
9 0.399250 0.513889 0.119500 0.972222
9 0.507250 0.503754 0.113500 0.992492
9 0.230250 0.552553 0.083500 0.614114
9 0.300250 0.554429 0.080500 0.637387
14 0.502500 0.886261 0.995000 0.227477
