13 0.215402 0.619048 0.229911 0.744048
13 0.408482 0.617560 0.156250 0.764881
13 0.559152 0.604167 0.274554 0.791667
13 0.814732 0.574405 0.348214 0.851190
11 0.223214 0.622024 0.258929 0.755952
11 0.389509 0.607143 0.194196 0.785714
11 0.566964 0.604167 0.263393 0.791667
11 0.822545 0.586310 0.354911 0.827381
14 0.092634 0.278274 0.180804 0.407738
14 0.296875 0.279762 0.084821 0.273810
14 0.452009 0.275298 0.104911 0.247024
14 0.689732 0.303571 0.160714 0.226190
14 0.944196 0.416667 0.111607 0.315476
