13 0.189286 0.788804 0.098571 0.346056
13 0.301429 0.796438 0.088571 0.407125
13 0.540714 0.802799 0.112857 0.394402
13 0.666429 0.833333 0.124286 0.267176
13 0.817143 0.800254 0.088571 0.297710
11 0.300000 0.790076 0.094286 0.419847
11 0.536429 0.796438 0.090000 0.407125
11 0.817143 0.818066 0.088571 0.363868
11 0.653571 0.815522 0.115714 0.272265
11 0.196429 0.795165 0.112857 0.409669
14 0.080000 0.717557 0.091429 0.346056
14 0.413571 0.701018 0.207143 0.175573
14 0.732857 0.634860 0.342857 0.195929
