13 0.448250 0.330615 0.127500 0.303929
13 0.437000 0.647887 0.081000 0.444774
13 0.892250 0.735360 0.176500 0.529281
13 0.691000 0.768718 0.121000 0.305411
13 0.432250 0.904003 0.067500 0.191994
13 0.122500 0.657153 0.056000 0.191994
13 0.121500 0.854707 0.058000 0.223870
13 0.241500 0.899555 0.069000 0.200890
13 0.828250 0.287250 0.220500 0.573017
9 0.443750 0.502224 0.169500 0.995552
9 0.855000 0.502965 0.290000 0.994070
9 0.145000 0.593032 0.156000 0.813936
9 0.267500 0.528910 0.166000 0.942179
9 0.664000 0.565975 0.167000 0.868050
