13 0.354687 0.512500 0.056250 0.263889
13 0.412500 0.548611 0.096875 0.363889
13 0.489844 0.513889 0.098437 0.400000
13 0.574219 0.509722 0.123438 0.297222
13 0.630469 0.498611 0.067187 0.380556
13 0.684375 0.490278 0.125000 0.430556
13 0.762500 0.538889 0.100000 0.394444
13 0.797656 0.473611 0.095312 0.580556
13 0.842187 0.465278 0.112500 0.541667
13 0.927344 0.511111 0.145313 0.544444
13 0.239844 0.493056 0.101562 0.275000
13 0.179688 0.494444 0.065625 0.255556
13 0.110937 0.490278 0.081250 0.252778
13 0.043750 0.479167 0.065625 0.252778
10 0.504687 0.504167 0.990625 0.658333
