13 0.757143 0.538182 0.131429 0.312727
13 0.692143 0.542727 0.081429 0.256364
13 0.627143 0.505455 0.088571 0.254545
13 0.572143 0.472727 0.075714 0.316364
13 0.513571 0.451818 0.098571 0.307273
13 0.434286 0.427273 0.111429 0.312727
13 0.391429 0.398182 0.082857 0.243636
13 0.292143 0.400909 0.118571 0.230909
13 0.252143 0.360000 0.098571 0.276364
13 0.098571 0.375455 0.082857 0.201818
10 0.518571 0.466364 0.962857 0.489091
14 0.928571 0.370000 0.142857 0.380000
14 0.264286 0.235455 0.440000 0.158182
