13 0.536667 0.410000 0.066667 0.201818
13 0.538333 0.546364 0.061111 0.216364
13 0.547222 0.760000 0.063333 0.269091
13 0.636667 0.576364 0.040000 0.109091
13 0.642222 0.709091 0.051111 0.152727
13 0.651667 0.826364 0.025556 0.129091
13 0.842778 0.644545 0.036667 0.100000
13 0.848889 0.741818 0.033333 0.101818
13 0.895556 0.688182 0.040000 0.187273
13 0.921667 0.789091 0.043333 0.196364
13 0.245556 0.684545 0.051111 0.107273
13 0.235000 0.793636 0.050000 0.158182
13 0.068889 0.748182 0.064444 0.147273
13 0.456667 0.745455 0.044444 0.160000
9 0.524444 0.506364 0.151111 0.987273
9 0.880000 0.573636 0.166667 0.656364
9 0.642222 0.597273 0.097778 0.670909
9 0.452222 0.615455 0.108889 0.536364
9 0.270000 0.480909 0.197778 0.736364
9 0.106111 0.529091 0.145556 0.629091
14 0.505000 0.913636 0.990000 0.172727
