13 0.546484 0.465278 0.125781 0.450000
13 0.796094 0.444444 0.115625 0.575000
13 0.589063 0.428472 0.087500 0.334722
13 0.278516 0.384722 0.063281 0.336111
13 0.118359 0.409722 0.091406 0.288889
11 0.116016 0.399306 0.099219 0.318056
11 0.276953 0.388194 0.083594 0.354167
11 0.548828 0.471528 0.153906 0.465278
11 0.594531 0.420833 0.106250 0.352778
11 0.795703 0.413889 0.116406 0.544444
14 0.701172 0.335417 0.141406 0.409722
14 0.201953 0.345139 0.102344 0.368056
14 0.035156 0.367361 0.068750 0.537500
