13 0.821429 0.558571 0.063810 0.142857
13 0.835238 0.650000 0.051429 0.151429
13 0.866190 0.750714 0.071429 0.118571
13 0.523333 0.693571 0.052381 0.115714
13 0.579048 0.530000 0.028571 0.100000
13 0.592857 0.648571 0.033333 0.125714
13 0.602381 0.752857 0.040952 0.125714
13 0.420000 0.126429 0.053333 0.127143
9 0.411429 0.519286 0.127619 0.961429
9 0.581905 0.625714 0.093333 0.551429
9 0.524762 0.590000 0.104762 0.745714
9 0.832381 0.575714 0.215238 0.848571
14 0.686667 0.869286 0.091429 0.261429
14 0.248095 0.885714 0.494286 0.228571
