13 0.723684 0.193523 0.158947 0.178515
13 0.874211 0.534755 0.251579 0.545024
13 0.798947 0.803318 0.073684 0.225908
13 0.710526 0.485782 0.044211 0.109005
13 0.742105 0.550553 0.058947 0.172196
13 0.487368 0.789100 0.048421 0.121643
13 0.505263 0.924171 0.044211 0.151659
13 0.183684 0.424171 0.078947 0.197472
13 0.085263 0.674566 0.130526 0.312796
13 0.363158 0.898894 0.048421 0.192733
9 0.753684 0.501580 0.492632 0.996840
9 0.717368 0.603476 0.243158 0.717220
9 0.495789 0.725908 0.101053 0.548183
9 0.396316 0.654818 0.142105 0.690363
9 0.188421 0.446288 0.374737 0.823065
14 0.502105 0.906003 0.995789 0.187994
