13 0.533333 0.565556 0.103333 0.251111
13 0.418333 0.582222 0.130000 0.248889
13 0.339167 0.643333 0.168333 0.180000
13 0.280833 0.604444 0.098333 0.280000
13 0.170000 0.648889 0.146667 0.315556
13 0.065000 0.595556 0.126667 0.293333
13 0.740000 0.531111 0.066667 0.222222
13 0.786667 0.490000 0.076667 0.242222
13 0.847500 0.486667 0.065000 0.208889
13 0.905000 0.471111 0.060000 0.186667
13 0.961667 0.440000 0.070000 0.160000
10 0.499167 0.600000 0.995000 0.555556
14 0.500833 0.395556 0.045000 0.146667
