13 0.439103 0.439728 0.051282 0.220713
13 0.472222 0.443973 0.061966 0.249576
13 0.538462 0.444822 0.072650 0.302207
13 0.567842 0.483022 0.092949 0.303905
13 0.677350 0.488964 0.079060 0.349745
13 0.754274 0.508489 0.117521 0.388795
13 0.917735 0.542445 0.164530 0.507640
13 0.211004 0.382852 0.033120 0.120543
13 0.170406 0.373514 0.035256 0.135823
10 0.569979 0.543294 0.860043 0.522920
14 0.083868 0.447368 0.165598 0.314092
14 0.388355 0.354839 0.122863 0.132428
14 0.628739 0.374363 0.095085 0.161290
14 0.832799 0.403226 0.125000 0.212224
