13 0.113365 0.615142 0.224344 0.769716
13 0.362768 0.509464 0.241050 0.981073
13 0.514916 0.646688 0.201671 0.706625
13 0.651551 0.536278 0.164678 0.927445
13 0.739260 0.544164 0.096659 0.911672
13 0.780430 0.618297 0.073986 0.763407
13 0.818019 0.552050 0.051313 0.895899
11 0.171838 0.605678 0.341289 0.788644
11 0.427208 0.537855 0.324582 0.924290
11 0.568616 0.689274 0.244630 0.621451
11 0.660501 0.522082 0.192124 0.955836
11 0.763723 0.552050 0.138425 0.895899
11 0.805489 0.580442 0.145585 0.839117
14 0.218377 0.503155 0.155131 0.848580
14 0.949881 0.496845 0.100239 0.873817
