4 0.740876 0.575309 0.167883 0.735802
4 0.577555 0.598765 0.140511 0.753086
4 0.416058 0.582716 0.131387 0.834568
4 0.289234 0.546914 0.133212 0.639506
4 0.206204 0.493827 0.091241 0.508642
4 0.118613 0.465432 0.051095 0.372840
4 0.078467 0.434568 0.054745 0.296296
0 0.743613 0.609877 0.173358 0.686420
0 0.580292 0.630864 0.145985 0.698765
0 0.407847 0.624691 0.133212 0.750617
0 0.285584 0.571605 0.133212 0.590123
0 0.207117 0.509877 0.093066 0.466667
0 0.119526 0.476543 0.060219 0.340741
0 0.078467 0.445679 0.043796 0.293827
