4 0.120000 0.517812 0.194286 0.964377
4 0.275714 0.541985 0.131429 0.916031
4 0.382857 0.452926 0.120000 0.615776
4 0.500714 0.573791 0.130000 0.852417
4 0.622143 0.580153 0.127143 0.839695
0 0.082857 0.802799 0.162857 0.394402
0 0.415000 0.875318 0.130000 0.249364
0 0.773571 0.818066 0.178571 0.363868
0 0.793571 0.390585 0.155714 0.440204
0 0.130000 0.540712 0.148571 0.918575
0 0.281429 0.577608 0.125714 0.844784
0 0.382857 0.469466 0.108571 0.541985
0 0.497857 0.595420 0.130000 0.809160
0 0.627857 0.613232 0.121429 0.773537
