0 0.128000 0.747000 0.125333 0.506000
0 0.252000 0.690000 0.130667 0.620000
0 0.361333 0.632000 0.104000 0.496000
0 0.456667 0.635000 0.110667 0.482000
0 0.551333 0.641000 0.108000 0.486000
0 0.640000 0.651000 0.109333 0.474000
0 0.734000 0.698000 0.121333 0.524000
0 0.839333 0.733000 0.161333 0.534000
7 0.121333 0.725000 0.125333 0.550000
7 0.256000 0.674000 0.128000 0.652000
7 0.458667 0.619000 0.104000 0.510000
7 0.731333 0.687000 0.129333 0.558000
7 0.838667 0.719000 0.160000 0.562000
8 0.359333 0.614000 0.105333 0.560000
8 0.551333 0.610000 0.108000 0.532000
8 0.637333 0.607000 0.101333 0.550000
