0 0.062963 0.560648 0.109259 0.406481
0 0.135185 0.576852 0.094444 0.351852
0 0.207407 0.568056 0.088889 0.367593
0 0.275000 0.572685 0.075926 0.349074
0 0.333333 0.573148 0.087037 0.368519
0 0.399537 0.574074 0.087963 0.318519
0 0.472222 0.551389 0.124074 0.387963
0 0.569444 0.567593 0.103704 0.353704
0 0.637963 0.579167 0.075926 0.350926
0 0.711111 0.571759 0.083333 0.387963
0 0.771296 0.565278 0.090741 0.382407
0 0.839815 0.568056 0.100000 0.386111
0 0.930556 0.563426 0.138889 0.437963
9 0.476389 0.535648 0.113889 0.417593
10 0.568056 0.550000 0.125000 0.412963
