10 0.502344 0.441832 0.107813 0.368812
9 0.423438 0.407178 0.106250 0.383663
0 0.093750 0.603960 0.125000 0.722772
0 0.182031 0.599010 0.079687 0.663366
0 0.264062 0.608911 0.081250 0.623762
0 0.328906 0.603960 0.073438 0.613861
0 0.428125 0.436881 0.103125 0.368812
0 0.516406 0.472772 0.085938 0.301980
0 0.594531 0.412129 0.117188 0.254950
0 0.691406 0.603960 0.101562 0.608911
0 0.787500 0.610149 0.112500 0.631188
0 0.885156 0.389851 0.110937 0.264851
0 0.874219 0.735149 0.092188 0.450495
0 0.614844 0.602723 0.082812 0.136139
0 0.618750 0.819307 0.115625 0.306931
0 0.509375 0.782178 0.103125 0.346535
0 0.407813 0.820545 0.106250 0.289604
0 0.377344 0.628713 0.070312 0.103960
