9 0.078750 0.535556 0.152500 0.928889
9 0.203750 0.517778 0.142500 0.964444
9 0.321250 0.544444 0.132500 0.911111
9 0.427500 0.511111 0.135000 0.915556
9 0.547500 0.495556 0.125000 0.911111
9 0.642500 0.546667 0.115000 0.906667
9 0.755000 0.504444 0.160000 0.991111
9 0.917500 0.502222 0.165000 0.995556
0 0.082500 0.588889 0.160000 0.822222
0 0.206250 0.573333 0.142500 0.853333
0 0.317500 0.584444 0.140000 0.831111
0 0.428750 0.546667 0.142500 0.862222
0 0.547500 0.533333 0.130000 0.844444
0 0.647500 0.580000 0.125000 0.840000
0 0.756250 0.555556 0.167500 0.888889
0 0.913750 0.535556 0.172500 0.928889
