12 0.300714 0.609415 0.115714 0.414758
12 0.482857 0.601781 0.100000 0.353690
12 0.625714 0.591603 0.080000 0.333333
12 0.713571 0.553435 0.070000 0.287532
12 0.905714 0.557252 0.048571 0.218830
12 0.954286 0.538168 0.042857 0.180662
11 0.172857 0.698473 0.131429 0.603053
11 0.386429 0.622137 0.098571 0.384224
11 0.555000 0.575064 0.061429 0.295165
11 0.672857 0.578880 0.065714 0.241730
11 0.755714 0.553435 0.048571 0.175573
11 0.837143 0.563613 0.042857 0.195929
0 0.032857 0.652672 0.062857 0.694656
0 0.092857 0.634860 0.080000 0.674300
0 0.178571 0.347328 0.074286 0.114504
0 0.291429 0.307888 0.057143 0.111959
0 0.392143 0.357506 0.070000 0.190840
0 0.172143 0.726463 0.130000 0.547074
0 0.302143 0.712468 0.124286 0.519084
0 0.390000 0.617048 0.100000 0.297710
0 0.480714 0.620865 0.084286 0.325700
0 0.556429 0.597964 0.078571 0.269720
0 0.622143 0.587786 0.058571 0.218830
0 0.672143 0.577608 0.050000 0.198473
0 0.718571 0.566158 0.054286 0.206107
0 0.759286 0.545802 0.041429 0.155216
0 0.837857 0.547074 0.047143 0.152672
0 0.898571 0.552163 0.048571 0.173028
0 0.954286 0.533079 0.045714 0.180662
0 0.781429 0.396947 0.057143 0.162850
