0 0.155882 0.536204 0.191176 0.849315
0 0.331618 0.543053 0.198529 0.827789
0 0.625000 0.374755 0.247059 0.589041
0 0.844118 0.470646 0.220588 0.436399
0 0.556618 0.828767 0.077941 0.209393
0 0.625000 0.820939 0.073529 0.205479
0 0.722794 0.820939 0.077941 0.217221
0 0.786029 0.831703 0.080882 0.211350
0 0.883824 0.814090 0.067647 0.234834
0 0.929412 0.840509 0.067647 0.185910
11 0.162500 0.517613 0.207353 0.878669
11 0.631618 0.351272 0.245588 0.647750
11 0.558088 0.821918 0.075000 0.219178
11 0.716912 0.816047 0.077941 0.238748
11 0.879412 0.811155 0.076471 0.248532
12 0.319853 0.489237 0.198529 0.927593
12 0.822059 0.409002 0.238235 0.528376
12 0.624265 0.812133 0.069118 0.250489
12 0.783824 0.818004 0.091176 0.242661
12 0.927206 0.815068 0.083824 0.232877
