0 0.064597 0.419312 0.115772 0.341270
0 0.186242 0.604497 0.127517 0.642857
0 0.267617 0.595238 0.105705 0.613757
0 0.347315 0.595238 0.104027 0.560847
0 0.433725 0.580688 0.098993 0.621693
0 0.512584 0.619048 0.088926 0.576720
0 0.590604 0.608466 0.104027 0.619048
0 0.674497 0.632275 0.100671 0.603175
0 0.772651 0.604497 0.102349 0.695767
0 0.867450 0.637566 0.104027 0.645503
0 0.959732 0.620370 0.080537 0.759259
11 0.075503 0.498677 0.144295 0.558201
11 0.269295 0.578042 0.102349 0.642857
11 0.431208 0.563492 0.100671 0.661376
11 0.588087 0.582011 0.098993 0.682540
12 0.180369 0.576720 0.115772 0.666667
12 0.352349 0.571429 0.107383 0.608466
12 0.509228 0.578042 0.105705 0.658730
12 0.677852 0.615079 0.107383 0.642857
12 0.862416 0.640212 0.097315 0.677249
