0 0.237857 0.811705 0.130000 0.376590
0 0.341429 0.828244 0.102857 0.343511
0 0.478571 0.830789 0.080000 0.338422
0 0.545000 0.839695 0.061429 0.320611
0 0.624286 0.814249 0.045714 0.284987
0 0.667143 0.774809 0.042857 0.221374
0 0.900000 0.884224 0.062857 0.231552
0 0.734286 0.834606 0.037143 0.122137
0 0.767857 0.908397 0.035714 0.183206
0 0.848571 0.888041 0.048571 0.223919
11 0.230000 0.795165 0.131429 0.409669
11 0.477857 0.815522 0.087143 0.368957
11 0.624286 0.820611 0.062857 0.333333
12 0.334286 0.791349 0.114286 0.417303
12 0.543571 0.806616 0.070000 0.386768
12 0.672143 0.769720 0.038571 0.241730
