0 0.101500 0.579609 0.173000 0.840782
0 0.271000 0.655028 0.154000 0.689944
0 0.355000 0.642458 0.072000 0.715084
0 0.448000 0.587989 0.158000 0.824022
0 0.595500 0.691341 0.123000 0.617318
0 0.695000 0.455307 0.056000 0.491620
0 0.759500 0.691341 0.121000 0.617318
0 0.866000 0.615922 0.096000 0.768156
13 0.104500 0.501397 0.165000 0.997207
13 0.356500 0.557263 0.081000 0.885475
14 0.264500 0.515363 0.155000 0.969274
14 0.593500 0.606145 0.127000 0.787709
14 0.768500 0.632682 0.135000 0.734637
14 0.858000 0.508380 0.120000 0.983240
