0 0.112589 0.613350 0.150709 0.697733
0 0.289894 0.664987 0.175532 0.579345
0 0.413121 0.471033 0.138298 0.468514
0 0.509752 0.659950 0.189716 0.649874
0 0.574468 0.419395 0.092199 0.375315
0 0.681738 0.657431 0.164894 0.554156
0 0.867908 0.596977 0.157801 0.629723
14 0.122340 0.515113 0.198582 0.899244
14 0.289007 0.578086 0.177305 0.788413
14 0.409574 0.385390 0.156028 0.654912
14 0.561170 0.295970 0.129433 0.496222
14 0.677305 0.560453 0.187943 0.727960
14 0.867021 0.496222 0.180851 0.816121
