0 0.115000 0.517500 0.115000 0.860000
0 0.226875 0.513750 0.111250 0.902500
0 0.323125 0.497500 0.101250 0.825000
0 0.397500 0.511250 0.107500 0.892500
0 0.493750 0.525000 0.157500 0.875000
0 0.610625 0.512500 0.116250 0.900000
0 0.734375 0.507500 0.156250 0.890000
0 0.846875 0.491250 0.188750 0.922500
18 0.110625 0.521250 0.123750 0.877500
18 0.231250 0.513750 0.127500 0.897500
18 0.321250 0.505000 0.092500 0.840000
18 0.396250 0.507500 0.092500 0.900000
18 0.494375 0.526250 0.146250 0.847500
18 0.612500 0.513750 0.112500 0.897500
18 0.721875 0.520000 0.148750 0.905000
18 0.853750 0.500000 0.167500 0.930000
