17 0.172656 0.558756 0.214062 0.873272
17 0.848437 0.531106 0.256250 0.845622
17 0.458594 0.180876 0.107813 0.315668
17 0.586719 0.407834 0.126562 0.700461
17 0.353906 0.290323 0.095312 0.281106
18 0.689844 0.475806 0.126562 0.739631
18 0.282813 0.347926 0.071875 0.456221
0 0.163281 0.571429 0.226562 0.857143
0 0.283594 0.328341 0.064062 0.435484
0 0.384375 0.290323 0.143750 0.285714
0 0.456250 0.332949 0.115625 0.610599
0 0.604688 0.408986 0.146875 0.711982
0 0.694531 0.471198 0.135937 0.725806
0 0.850781 0.554147 0.267188 0.827189
