22 0.093500 0.679429 0.133000 0.572072
22 0.262500 0.688438 0.107000 0.551051
22 0.345500 0.494745 0.075000 0.193694
22 0.416500 0.665165 0.103000 0.588589
22 0.539500 0.704955 0.109000 0.590090
22 0.660000 0.694444 0.084000 0.539039
22 0.782000 0.698949 0.106000 0.572072
22 0.918000 0.704204 0.162000 0.591592
0 0.922500 0.710210 0.155000 0.579580
0 0.835500 0.472222 0.065000 0.151652
0 0.790000 0.712462 0.118000 0.566066
0 0.660000 0.688438 0.104000 0.545045
0 0.703000 0.466216 0.048000 0.124625
0 0.525500 0.704955 0.127000 0.590090
0 0.487000 0.439940 0.042000 0.087087
0 0.412000 0.674174 0.092000 0.588589
0 0.343500 0.649399 0.081000 0.527027
0 0.251000 0.687688 0.100000 0.558559
0 0.095500 0.693694 0.147000 0.579580
