0 0.068750 0.636111 0.134375 0.727778
0 0.221875 0.613889 0.171875 0.733333
0 0.350781 0.618056 0.142187 0.763889
0 0.443750 0.487500 0.062500 0.525000
0 0.503125 0.588889 0.096875 0.716667
0 0.628906 0.537500 0.092188 0.619444
0 0.747656 0.495833 0.076563 0.486111
22 0.070312 0.622222 0.137500 0.755556
22 0.221875 0.595833 0.181250 0.747222
22 0.350000 0.613889 0.146875 0.772222
22 0.496875 0.587500 0.115625 0.741667
22 0.441406 0.488889 0.073438 0.550000
22 0.627344 0.518056 0.101562 0.602778
22 0.741406 0.501389 0.089063 0.497222
