0 0.064375 0.580000 0.126250 0.840000
0 0.215625 0.573333 0.211250 0.853333
0 0.370625 0.612222 0.146250 0.775556
0 0.511250 0.595556 0.172500 0.808889
0 0.685625 0.581111 0.116250 0.726667
0 0.811875 0.551111 0.133750 0.897778
0 0.943125 0.591111 0.113750 0.817778
22 0.066250 0.574444 0.130000 0.851111
22 0.216250 0.585556 0.207500 0.828889
22 0.369375 0.611111 0.168750 0.777778
22 0.510625 0.594444 0.176250 0.811111
22 0.679375 0.573333 0.146250 0.742222
22 0.820625 0.551111 0.136250 0.897778
22 0.939375 0.576667 0.121250 0.846667
