0 0.064062 0.572222 0.125000 0.855556
0 0.216406 0.575000 0.207813 0.850000
0 0.369531 0.620833 0.170313 0.758333
0 0.512500 0.595833 0.165625 0.808333
0 0.689063 0.587500 0.125000 0.697222
0 0.809375 0.554167 0.128125 0.891667
0 0.933594 0.594444 0.132812 0.811111
22 0.064844 0.573611 0.126562 0.852778
22 0.215625 0.579167 0.218750 0.841667
22 0.363281 0.606944 0.176563 0.786111
22 0.510938 0.587500 0.178125 0.825000
22 0.685937 0.591667 0.125000 0.738889
22 0.823438 0.551389 0.128125 0.897222
22 0.932031 0.588889 0.135937 0.822222
