6 0.880000 0.568392 0.205714 0.863216
6 0.730714 0.576710 0.172857 0.772643
6 0.591429 0.558226 0.154286 0.757856
6 0.466429 0.576710 0.124286 0.713494
6 0.355714 0.571165 0.122857 0.669131
6 0.262143 0.573937 0.118571 0.637708
6 0.164286 0.576710 0.108571 0.617375
6 0.062143 0.565619 0.121429 0.635860
0 0.063571 0.595194 0.124286 0.591497
0 0.160714 0.602588 0.118571 0.565619
0 0.259286 0.595194 0.112857 0.584104
0 0.358571 0.598891 0.111429 0.595194
0 0.467143 0.615527 0.117143 0.639556
0 0.587857 0.590573 0.152857 0.700555
0 0.732857 0.617375 0.162857 0.691312
0 0.880000 0.601664 0.202857 0.796673
