0 0.461250 0.722892 0.257500 0.554217
0 0.890000 0.680723 0.220000 0.590361
0 0.122500 0.641566 0.240000 0.536145
0 0.357500 0.524096 0.150000 0.397590
0 0.650000 0.536145 0.150000 0.373494
0 0.515000 0.325301 0.105000 0.445783
0 0.661250 0.210843 0.127500 0.210843
0 0.863750 0.233434 0.082500 0.237952
0 0.117500 0.239458 0.115000 0.201807
10 0.122500 0.629518 0.240000 0.602410
10 0.468750 0.674699 0.252500 0.650602
10 0.352500 0.486446 0.180000 0.448795
10 0.652500 0.504518 0.160000 0.418675
10 0.890000 0.646084 0.220000 0.677711
10 0.513750 0.311747 0.112500 0.490964
10 0.657500 0.191265 0.160000 0.243976
