11 0.074664 0.687831 0.145973 0.624339
11 0.307886 0.675926 0.142617 0.648148
11 0.580537 0.657407 0.134228 0.685185
11 0.817953 0.670635 0.132550 0.658730
12 0.913591 0.665344 0.122483 0.669312
12 0.694631 0.665344 0.134228 0.669312
12 0.442114 0.654762 0.145973 0.690476
12 0.186242 0.650794 0.127517 0.698413
0 0.078859 0.705026 0.154362 0.589947
0 0.190436 0.691799 0.129195 0.616402
0 0.304530 0.693122 0.132550 0.613757
0 0.445470 0.705026 0.152685 0.589947
0 0.573826 0.677249 0.144295 0.645503
0 0.685403 0.683862 0.149329 0.632275
0 0.811242 0.689153 0.122483 0.621693
0 0.916107 0.708995 0.127517 0.582011
