0 0.035714 0.695929 0.068571 0.536896
0 0.095714 0.673028 0.091429 0.486005
0 0.167857 0.641221 0.110000 0.473282
0 0.245714 0.685751 0.088571 0.465649
0 0.324286 0.659033 0.074286 0.544529
0 0.396429 0.669211 0.090000 0.524173
0 0.495714 0.690840 0.108571 0.618321
0 0.600000 0.709924 0.117143 0.580153
0 0.702143 0.701018 0.104286 0.597964
0 0.806429 0.702290 0.115714 0.595420
0 0.909286 0.690840 0.110000 0.618321
11 0.030000 0.688295 0.057143 0.587786
11 0.170714 0.629771 0.095714 0.506361
11 0.599286 0.684478 0.110000 0.631043
11 0.803571 0.681934 0.101429 0.636132
12 0.085714 0.623410 0.088571 0.569975
12 0.245714 0.636132 0.088571 0.569975
12 0.705000 0.660305 0.110000 0.679389
12 0.910000 0.656489 0.114286 0.687023
