0 0.075195 0.551245 0.087891 0.446559
0 0.139648 0.568082 0.076172 0.401171
0 0.201172 0.560029 0.074219 0.423133
0 0.270508 0.549048 0.074219 0.430454
0 0.312988 0.564422 0.065430 0.408492
0 0.369629 0.563690 0.059570 0.407028
0 0.421387 0.546120 0.063477 0.433382
0 0.498047 0.554905 0.091797 0.401171
0 0.558105 0.554173 0.067383 0.414348
0 0.610840 0.543924 0.067383 0.423133
0 0.660645 0.554905 0.049805 0.392387
0 0.685547 0.639092 0.054688 0.250366
0 0.707520 0.560029 0.053711 0.361640
0 0.746094 0.530015 0.052734 0.360176
0 0.786133 0.636164 0.054688 0.256223
0 0.800293 0.547584 0.057617 0.415813
0 0.857910 0.566618 0.065430 0.401171
0 0.909668 0.539531 0.075195 0.452416
13 0.494629 0.528551 0.081055 0.474378
14 0.554688 0.521962 0.072266 0.484627
