15 0.225000 0.646982 0.115625 0.553806
15 0.323437 0.639108 0.093750 0.574803
15 0.407031 0.682415 0.073438 0.482940
15 0.485156 0.632546 0.082812 0.577428
15 0.559375 0.658793 0.075000 0.514436
15 0.639844 0.627297 0.101562 0.582677
15 0.717187 0.678478 0.068750 0.475066
15 0.796875 0.657480 0.081250 0.527559
15 0.896875 0.650919 0.115625 0.540682
0 0.109375 0.628609 0.134375 0.580052
0 0.224219 0.657480 0.114062 0.517060
0 0.322656 0.645669 0.092188 0.551181
0 0.406250 0.694226 0.084375 0.459318
0 0.489063 0.646982 0.078125 0.538058
0 0.560937 0.677165 0.071875 0.472441
0 0.641406 0.640420 0.110937 0.540682
0 0.717969 0.696850 0.064062 0.443570
0 0.795312 0.673228 0.084375 0.501312
0 0.893750 0.661417 0.109375 0.514436
