0 0.765625 0.666406 0.137500 0.410938
0 0.924219 0.605469 0.151562 0.407813
0 0.783594 0.412500 0.082812 0.200000
0 0.686719 0.576562 0.120313 0.368750
0 0.657813 0.382812 0.053125 0.137500
0 0.596094 0.578125 0.110937 0.375000
0 0.536719 0.652344 0.120313 0.426563
0 0.555469 0.366406 0.079687 0.157812
0 0.463281 0.503906 0.070312 0.320312
0 0.428906 0.594531 0.135937 0.370312
0 0.328125 0.682813 0.118750 0.375000
0 0.381250 0.355469 0.065625 0.060937
0 0.295312 0.403906 0.087500 0.139063
0 0.214844 0.571875 0.079687 0.337500
0 0.116406 0.676562 0.164062 0.387500
15 0.114844 0.664062 0.185938 0.440625
15 0.197656 0.582031 0.160938 0.395313
15 0.330469 0.674219 0.114062 0.401562
15 0.289844 0.385937 0.073438 0.159375
15 0.410156 0.574219 0.129688 0.382812
15 0.465625 0.492969 0.078125 0.332813
15 0.542188 0.657813 0.118750 0.437500
15 0.758594 0.659375 0.117188 0.459375
15 0.919531 0.592187 0.160938 0.437500
