15 0.870714 0.562341 0.150000 0.875318
15 0.557143 0.578880 0.194286 0.842239
15 0.706429 0.456743 0.107143 0.648855
15 0.375000 0.413486 0.121429 0.653944
15 0.185714 0.376590 0.085714 0.493639
15 0.082857 0.251908 0.057143 0.300254
15 0.272143 0.354962 0.052857 0.455471
0 0.864286 0.580153 0.182857 0.839695
0 0.560000 0.615776 0.220000 0.768448
0 0.705000 0.479644 0.110000 0.638677
0 0.377857 0.437659 0.110000 0.600509
0 0.180714 0.374046 0.078571 0.488550
0 0.084286 0.263359 0.057143 0.297710
0 0.450000 0.337150 0.051429 0.343511
0 0.271429 0.365140 0.068571 0.430025
