0 0.104000 0.620000 0.181333 0.760000
0 0.231333 0.439000 0.142667 0.434000
0 0.380667 0.488000 0.164000 0.392000
0 0.477333 0.501000 0.112000 0.406000
0 0.591333 0.355000 0.124000 0.210000
0 0.614000 0.584000 0.116000 0.240000
0 0.732667 0.788000 0.116000 0.412000
0 0.884000 0.583000 0.232000 0.834000
0 0.278667 0.826000 0.130667 0.348000
0 0.383333 0.832000 0.102667 0.336000
0 0.473333 0.839000 0.085333 0.322000
0 0.576000 0.849000 0.117333 0.302000
17 0.877333 0.579000 0.229333 0.842000
17 0.234000 0.424000 0.134667 0.472000
18 0.104000 0.617000 0.181333 0.766000
18 0.383333 0.479000 0.145333 0.378000
18 0.475333 0.497000 0.108000 0.390000
18 0.589333 0.355000 0.136000 0.210000
18 0.611333 0.586000 0.132000 0.256000
