0 0.066935 0.750605 0.114516 0.498789
0 0.181452 0.750605 0.104839 0.498789
0 0.270161 0.757869 0.111290 0.474576
0 0.354032 0.749395 0.066129 0.501211
0 0.429032 0.737288 0.083871 0.496368
0 0.517742 0.745763 0.119355 0.489104
0 0.660484 0.739709 0.117742 0.496368
0 0.763710 0.751816 0.085484 0.486683
0 0.847581 0.742131 0.088710 0.476998
0 0.932258 0.723971 0.106452 0.518160
0 0.801613 0.516949 0.051613 0.128329
0 0.712097 0.503632 0.062903 0.135593
0 0.598387 0.650121 0.077419 0.467312
0 0.487097 0.495157 0.054839 0.113801
0 0.397581 0.503632 0.053226 0.116223
0 0.317742 0.503632 0.061290 0.121065
0 0.231452 0.510896 0.056452 0.116223
17 0.069355 0.739709 0.119355 0.520581
17 0.179032 0.744552 0.096774 0.510896
17 0.269355 0.743341 0.087097 0.493947
17 0.522581 0.738499 0.109677 0.518160
17 0.658871 0.731235 0.104839 0.508475
17 0.933871 0.719128 0.112903 0.547215
17 0.589516 0.648910 0.079032 0.469734
18 0.358065 0.746973 0.077419 0.486683
18 0.429839 0.736077 0.085484 0.489104
18 0.766935 0.745763 0.095161 0.479419
18 0.848387 0.739709 0.090323 0.481840
