0 0.107270 0.577128 0.157801 0.845745
0 0.237589 0.607713 0.127660 0.784574
0 0.342199 0.594415 0.120567 0.747340
0 0.422872 0.581117 0.086879 0.683511
0 0.514184 0.582447 0.106383 0.696809
0 0.602837 0.586436 0.092199 0.683511
0 0.699468 0.595745 0.129433 0.686170
0 0.804078 0.591755 0.115248 0.779255
0 0.922872 0.569149 0.154255 0.861702
18 0.123227 0.578457 0.129433 0.843085
18 0.232270 0.603723 0.131206 0.792553
18 0.343972 0.599734 0.120567 0.736702
18 0.414894 0.581117 0.099291 0.704787
18 0.509752 0.578457 0.104610 0.683511
18 0.602837 0.582447 0.095745 0.686170
18 0.695035 0.603723 0.120567 0.686170
18 0.796986 0.590426 0.104610 0.771277
18 0.920213 0.569149 0.159574 0.861702
