0 0.540000 0.565327 0.393333 0.869347
0 0.066667 0.507538 0.120000 0.623116
0 0.235000 0.489950 0.103333 0.557789
0 0.148333 0.449749 0.070000 0.547739
0 0.353333 0.374372 0.086667 0.336683
0 0.756667 0.414573 0.086667 0.537688
0 0.885000 0.402010 0.083333 0.522613
0 0.968333 0.439698 0.063333 0.417085
17 0.535000 0.522613 0.416667 0.954774
17 0.068333 0.497487 0.116667 0.633166
17 0.148333 0.447236 0.083333 0.572864
17 0.240000 0.487437 0.120000 0.572864
17 0.358333 0.351759 0.083333 0.321608
17 0.755000 0.407035 0.083333 0.552764
17 0.875000 0.396985 0.103333 0.552764
17 0.966667 0.432161 0.066667 0.442211
