18 0.190286 0.668750 0.104000 0.662500
18 0.266286 0.667708 0.084571 0.664583
18 0.332000 0.657292 0.083429 0.652083
18 0.383429 0.640625 0.074286 0.627083
18 0.441714 0.630208 0.078857 0.614583
18 0.498857 0.630208 0.083429 0.568750
18 0.553714 0.625000 0.083429 0.566667
18 0.605714 0.620833 0.073143 0.558333
18 0.656571 0.614583 0.044571 0.533333
18 0.699429 0.626042 0.057143 0.514583
18 0.749714 0.623958 0.057143 0.493750
18 0.794286 0.622917 0.068571 0.491667
18 0.832000 0.626042 0.066286 0.502083
18 0.886286 0.625000 0.060571 0.475000
18 0.942286 0.615625 0.083429 0.447917
17 0.084571 0.396875 0.160000 0.777083
17 0.180000 0.132292 0.101714 0.222917
0 0.186286 0.610417 0.107429 0.779167
0 0.262286 0.613542 0.088000 0.772917
0 0.326286 0.612500 0.078857 0.775000
0 0.382857 0.588542 0.080000 0.739583
0 0.442286 0.575000 0.089143 0.720833
0 0.496571 0.580208 0.076571 0.697917
0 0.555429 0.583333 0.089143 0.675000
0 0.605714 0.575000 0.080000 0.662500
0 0.647429 0.563542 0.067429 0.610417
0 0.689143 0.569792 0.073143 0.627083
0 0.741714 0.585417 0.064000 0.595833
0 0.786857 0.580208 0.062857 0.585417
0 0.830286 0.575000 0.060571 0.541667
0 0.881143 0.578125 0.061714 0.547917
0 0.942857 0.579167 0.075429 0.529167
0 0.078857 0.416667 0.146286 0.754167
0 0.177714 0.136458 0.097143 0.218750
0 0.242286 0.170833 0.050286 0.120833
0 0.298286 0.154167 0.066286 0.125000
0 0.354286 0.177083 0.048000 0.100000
0 0.414286 0.188542 0.049143 0.077083
0 0.473714 0.196875 0.046857 0.077083
0 0.536571 0.193750 0.042286 0.100000
0 0.581143 0.201042 0.033143 0.089583
0 0.615429 0.215625 0.037714 0.085417
0 0.663429 0.226042 0.042286 0.068750
0 0.715429 0.229167 0.032000 0.066667
0 0.765714 0.235417 0.038857 0.075000
0 0.808571 0.245833 0.037714 0.062500
0 0.853714 0.255208 0.027429 0.060417
