0 0.056250 0.532540 0.104167 0.747619
0 0.140417 0.530159 0.087500 0.733333
0 0.216667 0.538095 0.083333 0.714286
0 0.276250 0.546032 0.087500 0.701587
0 0.345833 0.549206 0.081667 0.695238
0 0.409167 0.561111 0.076667 0.680952
0 0.477500 0.561905 0.081667 0.682540
0 0.551667 0.565873 0.081667 0.687302
0 0.616250 0.545238 0.072500 0.671429
0 0.672500 0.541270 0.071667 0.682540
0 0.729583 0.537302 0.074167 0.693651
0 0.793750 0.533333 0.075833 0.704762
0 0.862083 0.421429 0.075833 0.477778
0 0.934167 0.416667 0.100000 0.471429
0 0.076250 0.118254 0.047500 0.106349
0 0.139167 0.127778 0.046667 0.112698
0 0.201667 0.135714 0.045000 0.115873
0 0.267917 0.138889 0.049167 0.134921
0 0.340833 0.146825 0.038333 0.109524
0 0.399583 0.169841 0.040833 0.098413
0 0.480417 0.169841 0.050833 0.104762
0 0.541667 0.161905 0.046667 0.117460
0 0.606250 0.156349 0.044167 0.100000
0 0.663750 0.151587 0.050833 0.106349
0 0.731250 0.140476 0.049167 0.112698
0 0.797500 0.132540 0.053333 0.106349
0 0.855000 0.137302 0.050000 0.115873
0 0.927917 0.135714 0.049167 0.103175
18 0.057917 0.531746 0.110833 0.746032
18 0.137917 0.538889 0.080833 0.728571
18 0.217083 0.539683 0.084167 0.711111
18 0.279583 0.540476 0.084167 0.700000
18 0.355417 0.548413 0.094167 0.709524
18 0.411250 0.556349 0.072500 0.674603
18 0.477917 0.564286 0.085833 0.680952
18 0.551250 0.556349 0.085833 0.668254
18 0.616250 0.552381 0.064167 0.682540
18 0.667083 0.536508 0.064167 0.679365
18 0.727500 0.533333 0.066667 0.701587
18 0.799167 0.542063 0.075000 0.719048
18 0.863333 0.417460 0.075000 0.463492
18 0.936667 0.420635 0.103333 0.473016
