22 0.272222 0.608333 0.127778 0.727778
22 0.401389 0.613889 0.122222 0.701852
22 0.517361 0.624074 0.129167 0.688889
22 0.636111 0.605556 0.122222 0.618519
22 0.731250 0.617593 0.104167 0.561111
0 0.063889 0.664815 0.125000 0.670370
0 0.175694 0.676852 0.140278 0.646296
0 0.269444 0.605556 0.130556 0.737037
0 0.402778 0.621296 0.130556 0.694444
0 0.521528 0.623148 0.126389 0.690741
0 0.635417 0.612037 0.112500 0.642593
0 0.736806 0.627778 0.090278 0.570370
0 0.831944 0.654630 0.127778 0.542593
0 0.950000 0.662037 0.100000 0.642593
