0 0.849922 0.522422 0.200622 0.829596
0 0.625972 0.599776 0.129082 0.647982
0 0.513219 0.644619 0.130638 0.688341
0 0.422240 0.649103 0.147745 0.701794
0 0.319596 0.652466 0.144635 0.695067
0 0.143857 0.622197 0.219285 0.755605
0 0.069207 0.330717 0.110420 0.230942
22 0.840591 0.515695 0.225505 0.852018
22 0.618974 0.593049 0.136858 0.701794
22 0.504666 0.632287 0.157076 0.735426
22 0.417574 0.642377 0.157076 0.715247
22 0.310264 0.646861 0.132193 0.706278
22 0.146190 0.621076 0.192846 0.757848
22 0.066874 0.323991 0.124417 0.262332
